460.0 228.0 5.3
432.3 322.2 7.0
430.1 117.9 6.6
424.2 169.8 6.8
327.9 314.1 6.2
289.7 246.3 6.2
243.8 568.2 6.3
216.2 217.8 6.6
213.8 246.2 5.5
196.0 314.0 5.3
190.0 312.0 5.3
179.8 378.2 5.9
108.0 346.0 5.3
48.3 261.7 6.4
465.5 122.5 5.7
447.5 518.5 5.7
435.2 237.6 6.4
405.5 190.5 5.7
397.2 126.8 6.3
380.0 59.1 7.8
377.5 282.5 5.7
371.2 318.8 6.9
351.5 84.5 5.7
341.5 186.5 5.7
335.5 194.5 6.3
323.7 108.3 6.4
323.7 334.3 6.4
305.3 542.7 6.2
294.1 228.7 6.3
283.5 60.5 5.7
269.5 190.5 5.7
265.5 338.5 6.3
260.0 221.0 6.0
255.5 264.5 5.7
249.5 446.5 6.3
247.5 300.5 5.7
247.1 416.9 6.5
243.3 144.7 6.9
237.5 456.5 5.7
199.5 88.5 5.7
189.5 78.5 5.7
159.5 82.5 5.7
155.4 334.6 6.5
129.7 196.3 6.4
127.5 264.5 5.7
109.5 352.5 5.7
91.8 231.3 6.2
91.5 528.5 5.7
73.5 294.5 5.7
63.5 522.5 5.7
59.5 208.5 5.7
55.5 256.5 5.7
17.5 486.5 5.7
458.9 499.1 7.4
382.8 437.2 6.2
380.8 421.2 6.6
342.8 303.2 6.2
332.5 287.5 6.7
310.9 83.1 7.2
280.9 175.1 6.9
274.8 209.2 6.2
269.4 235.4 7.1
263.0 535.0 6.0
234.7 367.3 7.1
208.7 545.3 6.7
205.0 39.0 6.0
199.0 153.0 6.0
189.0 91.0 6.0
184.5 461.5 6.7
100.7 231.3 6.8
78.9 275.1 6.9
69.0 65.0 6.0
456.5 481.5 6.3
396.5 173.5 6.3
366.5 53.5 7.0
360.5 425.5 6.3
344.4 291.6 7.4
314.3 63.0 6.9
308.2 207.5 9.1
280.7 83.3 7.6
252.3 235.7 6.9
246.3 405.7 6.5
212.3 29.7 8.3
206.1 121.9 7.5
194.5 23.5 7.0
180.3 331.7 6.5
176.5 361.5 7.7
170.5 205.5 6.3
164.5 111.5 6.3
120.5 267.5 7.0
87.9 610.1 7.3
60.5 293.5 7.0
56.3 607.7 8.4
16.5 263.5 6.3
12.5 249.5 6.3
465.6 94.4 8.2
458.0 592.0 6.7
452.0 246.0 8.0
450.0 418.0 6.7
440.0 84.0 6.7
409.8 103.5 7.9
398.0 66.0 6.7
372.0 160.7 7.1
272.0 172.0 7.3
266.0 100.0 6.7
242.0 426.0 6.7
186.0 534.0 6.7
129.8 76.2 6.8
106.0 588.0 6.7
66.0 80.0 6.7
49.8 26.2 6.8
22.0 78.0 8.0
435.5 542.5 7.0
415.2 27.8 8.5
407.8 88.2 8.1
403.7 438.3 7.5
395.5 450.5 7.7
391.5 346.5 7.0
367.5 560.5 7.0
331.2 614.8 7.7
303.2 40.5 8.1
297.5 602.5 7.0
291.5 296.5 7.0
267.5 252.5 7.0
177.5 618.5 7.0
160.0 274.7 8.0
81.2 490.8 7.7
63.4 365.2 8.1
57.5 306.5 7.0
51.2 64.8 7.8
39.5 58.5 7.0
23.5 200.5 7.0
341.1 121.3 8.2
325.0 563.0 7.3
311.1 269.7 9.2
300.7 423.3 7.5
293.0 493.0 7.3
289.6 47.1 9.5
276.7 379.3 8.0
226.8 143.2 7.9
192.8 59.2 7.9
181.0 435.0 8.0
179.3 556.7 7.8
174.2 88.6 8.6
167.0 437.0 7.3
144.8 133.2 7.9
138.7 87.3 9.4
96.7 149.3 8.9
460.2 201.8 8.3
420.1 135.9 8.6
368.5 95.5 7.7
342.5 131.5 7.7
296.5 393.5 8.3
268.7 271.3 8.4
222.2 127.8 8.5
132.5 349.5 7.7
98.5 551.5 7.7
24.4 251.6 9.6
461.6 346.4 8.8
406.0 60.0 8.0
401.5 343.5 8.3
389.7 338.7 9.1
377.7 330.3 8.2
303.7 466.3 9.5
300.8 219.7 6.6
299.5 372.3 11.2
286.0 514.0 8.7
277.8 514.2 8.2
276.6 306.4 7.9
243.8 380.2 8.6
161.9 200.1 8.9
156.0 136.0 8.7
92.0 20.0 8.7
74.2 173.8 8.8
26.0 22.0 8.0
451.2 230.8 8.5
437.4 454.6 9.7
419.5 524.5 8.3
413.2 458.2 9.2
379.5 118.5 8.8
373.2 125.1 9.5
369.8 295.5 11.8
339.7 484.3 9.1
337.4 527.3 10.0
317.6 385.4 9.6
305.7 333.1 9.0
303.4 258.6 9.4
297.8 97.1 7.6
292.0 180.4 9.9
291.6 446.4 9.6
279.3 252.7 8.5
209.7 69.1 10.9
207.6 340.9 8.9
177.4 195.1 9.3
159.3 92.7 9.3
125.6 170.4 9.6
75.0 448.3 9.1
73.4 56.6 9.4
71.5 474.0 11.4
29.4 384.6 9.4
464.3 327.7 9.4
451.4 200.1 10.5
439.0 607.0 8.7
424.7 599.3 9.3
402.0 413.8 10.7
358.7 164.2 10.2
285.0 35.0 8.7
259.3 174.7 9.2
235.5 163.4 9.7
210.7 581.3 9.3
209.3 189.9 9.5
167.0 217.9 9.6
143.0 65.0 8.7
130.7 341.3 10.2
98.3 219.3 9.8
96.7 71.5 11.0
75.0 233.0 8.7
48.9 339.1 9.4
33.0 29.0 8.7
442.2 459.8 9.2
430.5 601.5 9.7
416.5 539.5 9.0
386.7 252.5 10.9
343.7 407.9 10.9
338.3 539.7 9.6
248.9 32.8 11.5
242.5 130.2 9.9
172.3 161.7 9.6
168.5 547.5 9.7
136.5 211.5 9.0
124.2 35.2 11.0
124.5 563.5 9.0
118.5 219.5 9.0
103.8 311.9 10.4
96.3 183.7 9.2
22.5 219.5 9.0
409.7 580.3 10.0
370.0 111.2 10.4
358.2 392.7 11.6
296.2 505.8 9.8
288.0 264.0 8.0
270.0 584.0 9.3
265.9 112.9 8.6
256.1 23.9 10.4
255.6 97.9 10.3
220.0 174.0 10.9
198.1 170.4 10.6
196.0 528.0 9.3
141.6 352.4 10.6
72.0 534.0 9.3
65.3 332.7 10.7
41.7 441.0 11.3
384.4 226.2 11.9
343.3 155.2 8.7
318.0 611.0 10.7
309.5 323.4 10.8
267.5 282.5 9.7
257.2 462.8 10.8
237.1 101.9 12.2
151.8 544.2 11.2
119.1 117.9 12.1
109.9 172.4 11.9
92.6 204.8 11.9
39.5 402.5 9.7
23.4 577.2 12.2
450.5 263.6 13.9
448.8 586.9 11.9
444.8 337.7 13.0
236.4 90.1 12.2
233.4 393.8 13.0
225.6 95.8 11.5
220.5 167.5 10.3
204.3 251.4 9.9
152.5 225.3 13.0
148.0 451.3 12.4
144.4 209.8 12.3
110.2 126.5 11.4
102.0 333.7 11.6
72.6 203.7 12.9
36.4 294.1 11.9
430.5 551.0 12.8
346.9 605.2 15.2
233.9 520.5 16.7
172.9 306.6 15.1
34.5 408.8 12.3
429.6 200.4 14.3
335.9 508.2 13.8
315.9 349.6 14.8
276.0 451.2 16.8
262.5 379.4 14.9
239.5 21.5 13.2
194.4 112.6 12.7
174.7 30.5 12.6
142.0 618.0 12.0
64.5 133.5 11.7
52.6 281.4 13.9
381.3 146.9 13.9
377.5 525.0 14.4
265.2 206.4 14.4
200.0 420.2 14.6
170.7 529.2 16.0
128.5 51.8 13.0
100.8 171.2 13.2
82.3 92.6 13.9
53.9 541.7 13.1
427.6 77.6 14.8
214.7 301.9 17.0
193.4 584.3 16.0
159.7 27.3 15.2
355.4 492.9 17.4
272.6 362.6 17.0
181.3 72.5 18.3
151.2 563.0 17.4
111.7 529.3 13.0
320.0 442.4 18.4
312.5 579.2 18.3
277.8 407.4 19.1
29.1 529.3 16.4
197.1 211.1 18.4
130.7 310.9 17.8
99.5 42.8 19.0
32.0 593.5 18.3
136.7 431.2 20.9
106.1 293.9 20.6
70.4 569.8 20.7
350.3 465.4 21.6
102.3 488.1 21.8
248.2 192.8 22.8
438.4 20.1 26.1
300.5 145.1 25.6
418.5 495.5 29.3
422.0 616.0 5.0
415.0 613.0 5.0
393.0 622.0 14.0
416.0 631.0 6.0
422.0 586.0 6.0
420.0 531.0 5.0
453.0 459.0 5.0
454.0 467.0 5.0
436.0 465.0 5.0
447.0 402.0 11.0
471.0 335.0 10.0
408.0 351.0 6.0
415.0 354.0 6.0
348.0 267.0 7.0
359.0 245.0 5.0
364.0 234.0 7.0
356.0 235.0 6.0
348.0 221.0 6.0
378.0 221.0 5.0
432.0 249.0 6.0
474.0 200.0 7.0
469.0 210.0 5.0
463.0 215.0 6.0
450.0 170.0 9.0
444.0 134.0 13.0
460.0 130.0 9.0
473.0 130.0 6.0
436.0 95.0 6.0
284.0 27.0 6.0
298.0 15.0 11.0
308.0 8.0 7.0
350.0 42.0 12.0
145.0 60.0 7.0
133.0 13.0 23.0
38.0 94.0 7.0
35.0 163.0 5.0
68.0 159.0 9.0
124.0 160.0 10.0
107.0 224.0 6.0
108.0 216.0 7.0
117.0 211.0 7.0
115.0 220.0 10.0
206.0 336.0 5.0
158.0 379.0 8.0
135.0 372.0 6.0
116.0 382.0 7.0
108.0 389.0 6.0
116.0 393.0 7.0
125.0 394.0 5.0
86.0 395.0 11.0
28.0 456.0 9.0
29.0 542.0 5.0
8.0 580.0 9.0
10.0 613.0 6.0
98.0 571.0 6.0
91.0 564.0 6.0
106.0 628.0 6.0
75.0 627.0 7.0
210.0 491.0 11.0
284.0 543.0 6.0
283.0 506.0 7.0
292.0 510.0 5.0
11.0 190.0 15.0
9.0 153.0 7.0
17.0 217.0 10.0
9.0 199.0 7.0
12.0 214.0 5.0
375.0 39.0 6.0
383.0 10.0 7.0
399.0 261.0 9.0
418.0 278.0 8.0
213.0 586.0 5.0
135.0 619.0 6.0
35.0 396.0 8.0
90.0 310.0 9.0
74.0 223.0 11.0
12.0 310.0 7.0
16.0 319.0 6.0
38.0 312.0 8.0
104.0 603.0 9.0
207.0 12.0 9.0
