378.7 476.8 19.7
63.5 200.0 22.8
112.8 67.2 43.8
262.4 558.9 52.1
392.1 368.5 60.5
257.6 257.9 57.6
197.7 297.5 64.0
176.0 101.5 58.5
205.6 225.4 64.9
129.3 533.5 69.6
313.2 538.7 73.4
296.4 327.7 75.6
197.2 554.2 88.4
369.0 12.0 126.0
97.0 12.0 58.0
130.0 386.0 102.0
20.0 367.0 100.0
17.0 467.0 91.0
5.0 191.0 71.0
36.0 90.0 121.0
153.0 304.0 14.0
407.0 496.0 22.0
425.0 507.0 12.0
431.0 446.0 10.0
103.0 229.0 19.0
278.0 218.0 11.0
172.0 242.0 8.0
459.0 423.0 15.0
383.0 458.0 16.0
360.0 341.0 13.0
356.0 290.0 17.0
272.0 151.0 12.0
249.0 132.0 13.0
480.0 269.0 85.0
331.0 443.0 15.0
