456.6 381.4 9.2
231.0 197.0 7.7
127.0 395.0 7.7
116.8 45.2 8.5
476.5 235.5 8.5
474.5 611.5 8.5
468.5 453.5 8.5
449.9 551.9 9.7
434.5 357.5 8.5
396.5 585.5 8.5
252.5 537.5 8.5
202.5 263.5 8.5
152.5 371.5 8.5
38.5 507.5 8.5
395.2 553.2 10.6
218.8 344.4 11.4
468.3 172.7 13.0
435.8 205.7 15.8
226.2 399.8 18.7
257.2 346.3 24.8
456.0 249.7 31.1
450.8 341.1 35.7
416.4 534.9 33.8
187.0 434.8 36.3
230.6 214.2 45.1
66.4 295.9 40.9
397.8 196.1 45.7
367.1 211.6 42.9
151.3 268.8 41.8
430.6 418.9 50.5
237.7 297.4 50.9
219.6 453.0 46.8
214.6 547.7 50.6
290.3 557.0 54.4
35.0 75.5 52.4
170.6 172.1 65.5
127.3 116.3 60.5
171.3 41.3 66.4
70.7 546.7 68.2
410.3 482.2 86.7
378.0 352.3 83.3
132.9 590.0 84.1
154.6 338.6 91.0
316.5 269.2 110.5
297.0 457.8 109.7
112.8 454.9 115.5
370.0 65.0 158.0
480.0 127.0 57.0
475.0 308.0 49.0
452.0 275.0 8.0
110.0 275.0 54.0
59.0 190.0 135.0
66.0 21.0 80.0
48.0 613.0 23.0
438.0 382.0 35.0
378.0 541.0 6.0
4.0 411.0 53.0
455.0 4.0 56.0
494.0 57.0 74.0
475.0 460.0 5.0
79.0 355.0 7.0
34.0 283.0 7.0
35.0 292.0 7.0
18.0 294.0 7.0
11.0 122.0 6.0
77.0 72.0 8.0
85.0 72.0 6.0
136.0 61.0 7.0
21.0 36.0 6.0
6.0 31.0 5.0
220.0 257.0 6.0
265.0 227.0 7.0
279.0 322.0 7.0
457.0 142.0 9.0
458.0 100.0 9.0
461.0 69.0 7.0
258.0 592.0 33.0
