299.6 377.7 9.1
189.2 133.2 8.5
152.8 79.2 8.5
82.7 491.3 8.8
66.0 199.2 8.9
476.5 571.5 8.5
320.9 307.9 10.2
312.5 295.5 8.5
265.4 6.6 8.6
230.5 81.5 8.5
172.6 67.8 9.5
341.0 441.0 9.2
37.1 298.1 12.8
35.4 484.8 13.2
55.2 446.5 13.6
121.3 37.3 13.8
464.8 454.5 17.1
258.0 267.2 35.2
89.2 339.1 33.2
312.7 347.9 40.0
191.3 445.3 37.9
62.8 209.6 45.7
79.7 293.0 47.5
367.0 398.5 53.1
290.9 448.4 53.3
236.3 550.6 59.9
191.4 102.8 51.0
100.7 467.9 58.5
136.4 86.1 61.0
201.2 229.8 64.0
194.9 286.2 73.6
76.5 129.7 74.4
143.6 373.1 82.3
293.6 199.8 108.2
384.3 98.6 156.9
446.0 251.0 9.0
428.0 627.0 13.0
385.0 503.0 176.0
117.0 592.0 179.0
111.0 414.0 39.0
22.0 398.0 8.0
25.0 444.0 55.0
304.0 2.0 13.0
430.0 163.0 12.0
460.0 364.0 107.0
-3.0 512.0 93.0
-21.0 188.0 108.0
12.0 648.0 66.0
54.0 -35.0 133.0
4.0 19.0 12.0
285.0 322.0 34.0
273.0 295.0 7.0
251.0 301.0 7.0
