310.8 278.3 8.1
262.8 293.2 8.5
200.7 471.3 8.8
179.0 217.0 7.7
102.7 51.3 8.8
92.4 270.7 9.0
60.8 621.2 8.5
38.7 488.2 8.1
29.0 299.0 7.7
472.7 574.7 9.2
460.5 323.5 8.5
456.5 75.5 8.5
456.5 182.3 9.4
432.5 472.5 8.5
422.5 61.5 8.5
404.7 485.3 8.8
398.5 225.0 11.9
394.6 130.1 11.1
393.8 507.3 8.8
384.5 535.5 8.5
323.1 491.7 10.0
296.7 507.3 9.2
284.5 451.5 8.5
284.7 591.3 10.4
278.0 21.6 10.5
273.5 175.8 15.1
246.5 47.5 8.5
246.0 89.3 9.2
218.1 93.9 10.2
210.5 463.5 8.5
192.5 287.5 9.2
186.5 375.5 8.5
178.5 163.5 8.5
174.5 359.5 8.5
158.5 67.5 8.5
152.3 367.7 9.7
148.5 59.5 8.5
146.5 263.5 8.5
142.7 357.3 8.8
139.7 251.2 8.8
110.2 394.5 9.0
103.6 521.3 10.1
98.5 583.5 8.5
88.6 68.0 10.1
86.5 195.5 8.5
86.3 291.3 9.2
76.7 216.2 8.8
68.1 495.3 9.9
56.7 321.3 9.2
56.5 441.5 8.5
50.5 628.0 9.6
44.5 225.5 8.5
42.5 121.5 8.5
35.3 119.3 8.7
32.7 599.3 8.8
30.6 432.8 10.2
16.5 201.5 8.5
6.6 16.9 9.0
465.6 293.1 10.4
454.5 308.2 10.0
451.1 508.9 10.8
365.5 52.5 10.5
333.8 557.3 10.4
304.8 575.2 9.6
294.3 568.5 10.3
278.7 29.3 9.6
208.7 524.7 9.7
144.6 8.6 11.1
143.0 389.0 9.2
77.0 295.0 9.2
74.5 63.5 10.0
464.9 444.2 11.5
417.3 161.3 10.8
414.0 222.0 10.8
332.2 102.9 25.8
320.5 83.5 11.0
278.0 270.0 10.8
264.8 41.8 10.5
235.7 328.8 11.2
209.7 479.5 11.2
166.7 96.0 10.8
142.5 45.5 10.0
75.0 526.2 11.1
33.8 527.2 11.8
18.2 61.8 10.4
456.0 266.0 10.8
442.0 406.0 10.8
417.2 201.6 16.0
412.8 605.8 11.5
367.5 474.5 13.8
350.1 30.4 12.1
340.1 428.9 12.2
328.3 622.3 11.3
283.0 250.0 10.8
279.9 142.5 12.2
278.4 562.4 12.0
262.3 280.3 12.3
249.5 112.5 11.5
220.0 468.0 10.8
206.0 188.0 10.8
206.0 364.0 12.3
198.8 405.9 29.9
192.0 602.0 10.8
76.0 94.0 10.8
73.3 264.3 12.5
36.5 97.5 11.5
10.0 352.0 10.8
403.5 514.5 11.5
377.5 179.8 12.6
277.5 6.5 11.5
269.3 58.7 11.9
269.9 468.6 14.0
230.9 170.6 13.3
231.9 475.1 12.5
191.3 516.7 11.9
176.5 344.5 12.3
165.5 420.5 11.5
139.9 450.7 23.5
118.8 28.5 12.6
109.2 264.2 13.1
105.6 317.2 12.6
105.2 579.2 24.1
39.2 309.7 13.5
425.0 173.0 12.3
402.7 24.7 13.8
342.0 180.4 14.5
291.0 628.3 13.3
262.2 11.2 14.2
171.0 111.0 12.3
152.5 289.5 13.1
150.7 330.0 12.8
121.0 154.5 13.9
112.3 369.7 15.3
21.2 627.2 13.8
451.0 559.0 16.3
432.5 326.5 14.6
421.7 318.7 15.8
377.5 220.5 14.6
334.0 30.0 13.8
305.0 133.7 14.4
214.3 306.0 16.2
189.6 498.8 14.5
172.5 477.5 14.6
168.3 397.0 15.4
156.0 458.0 13.8
105.3 424.7 14.9
97.2 9.3 14.2
91.5 490.5 14.6
85.7 566.0 15.6
64.2 533.8 15.0
60.0 82.0 13.8
35.3 75.6 16.7
20.5 279.5 14.6
473.0 605.0 15.4
463.0 156.0 16.9
458.2 169.3 16.9
438.4 307.8 17.9
378.9 14.9 18.0
371.3 607.8 16.9
360.9 188.9 17.3
359.0 403.0 15.4
357.0 234.0 16.5
319.9 130.9 18.0
315.4 52.2 17.2
311.1 528.9 17.3
298.0 147.5 16.5
291.2 280.7 16.5
264.5 600.0 16.5
249.0 307.0 15.4
227.0 348.0 15.4
225.0 531.7 16.4
191.5 100.0 16.5
190.0 561.3 15.9
159.2 584.7 46.6
60.3 96.7 17.3
16.7 227.3 17.8
13.8 442.0 17.2
454.0 28.0 17.7
449.9 115.1 41.2
448.0 482.0 16.9
417.0 84.0 17.7
417.0 290.7 18.0
409.0 254.7 18.9
316.0 546.0 16.9
289.0 36.0 17.7
269.0 202.2 19.1
262.6 132.3 19.6
262.0 241.3 17.4
244.0 346.0 17.7
224.0 190.0 16.9
220.0 334.0 16.9
131.6 551.2 20.0
99.0 295.8 19.1
94.5 325.5 17.3
27.2 321.0 18.5
12.9 84.5 17.9
456.1 222.7 20.8
451.9 203.8 21.1
439.5 184.5 20.8
408.4 106.1 21.6
408.3 453.8 22.0
398.2 79.2 19.2
395.0 37.0 18.5
385.1 56.9 20.4
381.2 245.1 19.6
374.0 586.0 18.5
364.7 80.9 21.0
349.3 148.7 18.5
323.8 429.1 20.1
315.6 464.8 20.3
294.3 166.3 21.5
293.4 257.4 22.4
251.0 160.4 20.4
237.3 425.7 20.0
235.0 320.0 18.5
207.9 507.1 20.2
195.7 580.7 20.8
173.9 623.7 21.2
160.9 40.6 20.2
133.0 344.0 18.5
129.4 490.6 20.2
111.7 503.7 20.0
108.4 277.6 20.2
97.4 164.6 20.2
87.7 414.0 19.8
76.8 469.8 19.2
69.4 552.9 21.1
48.6 285.1 19.6
43.5 403.8 19.2
37.9 472.1 19.6
462.8 249.8 22.3
383.0 454.3 23.1
369.4 502.0 23.7
364.7 132.7 21.5
362.2 351.2 22.3
334.5 287.5 20.8
291.3 393.8 21.9
267.9 376.6 23.8
246.0 264.9 24.4
214.3 579.3 23.5
152.4 56.4 22.2
128.5 570.5 20.8
112.4 344.4 22.1
86.5 119.3 21.8
74.8 625.3 21.9
47.9 514.5 21.7
18.8 407.0 23.1
21.9 474.1 24.0
468.3 48.8 24.2
422.0 509.3 24.1
416.4 136.8 26.6
338.5 531.9 25.8
264.0 579.0 26.2
248.6 483.4 24.9
229.2 444.4 24.8
229.0 491.0 23.1
203.9 435.6 25.9
196.2 231.8 26.6
175.9 314.7 24.7
128.3 22.7 25.2
107.1 391.4 25.6
80.3 83.7 24.2
65.3 596.1 24.4
49.2 439.7 24.2
37.7 63.0 25.6
28.4 379.1 26.7
16.1 604.4 25.6
434.3 14.5 28.5
413.3 420.5 28.5
403.2 623.2 26.2
393.0 318.3 27.1
369.5 151.6 27.6
364.1 98.6 27.7
365.4 372.1 28.0
360.1 282.1 27.3
350.5 518.5 25.4
349.5 589.5 25.4
322.9 149.6 28.9
318.3 561.0 25.9
314.6 195.9 27.2
281.8 352.2 26.4
261.1 437.4 28.1
241.4 609.1 27.3
237.0 92.3 29.5
170.8 524.1 27.1
133.6 283.8 27.6
80.1 447.1 29.9
31.0 555.0 26.9
442.3 271.9 30.5
414.9 44.7 30.3
408.5 345.3 32.3
297.8 462.8 29.5
234.5 290.6 30.5
188.0 28.2 31.4
139.8 392.7 29.6
111.6 103.8 31.4
103.6 472.2 30.2
458.2 399.5 36.1
446.9 50.4 33.5
386.2 274.2 33.9
386.5 527.5 31.5
323.8 401.3 35.6
275.4 417.1 33.2
232.2 567.0 33.8
143.6 506.4 32.3
112.3 614.1 34.5
99.2 248.2 31.5
26.2 154.1 35.0
354.2 123.8 37.3
309.9 605.0 37.6
242.9 135.6 38.3
189.6 350.0 39.4
68.4 146.2 38.4
45.3 244.5 37.5
45.6 578.4 38.5
452.5 301.5 39.2
444.5 352.2 41.3
362.9 558.9 41.9
339.2 52.7 41.0
282.2 215.5 43.1
234.6 217.3 42.4
206.0 62.4 43.1
205.2 610.2 41.3
196.5 143.3 45.7
146.1 127.4 43.2
146.7 159.3 44.0
60.5 331.5 39.2
399.7 396.5 45.5
68.3 26.1 46.4
43.5 196.4 45.4
401.0 162.3 51.3
347.3 462.4 51.3
333.6 236.1 53.8
263.5 516.7 54.1
239.5 384.9 51.1
130.9 72.4 52.1
69.6 367.3 54.6
417.1 571.1 60.6
184.5 268.2 57.7
143.2 216.1 58.8
289.9 98.5 62.3
327.0 326.0 78.4
433.0 81.0 6.0
443.0 75.0 7.0
464.0 75.0 22.0
455.0 86.0 14.0
459.0 133.0 54.0
418.0 220.0 52.0
419.0 237.0 7.0
442.0 228.0 16.0
464.0 199.0 24.0
409.0 18.0 8.0
376.0 44.0 25.0
399.0 63.0 14.0
382.0 82.0 28.0
393.0 104.0 27.0
307.0 11.0 38.0
244.0 11.0 36.0
261.0 45.0 51.0
205.0 107.0 8.0
215.0 42.0 38.0
180.0 45.0 20.0
174.0 3.0 39.0
37.0 46.0 15.0
23.0 19.0 21.0
9.0 33.0 20.0
5.0 125.0 21.0
25.0 128.0 26.0
57.0 131.0 36.0
17.0 245.0 32.0
4.0 273.0 26.0
57.0 277.0 19.0
48.0 302.0 20.0
14.0 364.0 44.0
7.0 433.0 47.0
4.0 515.0 44.0
1.0 561.0 32.0
0.0 597.0 15.0
2.0 619.0 10.0
61.0 633.0 14.0
77.0 605.0 29.0
98.0 626.0 20.0
129.0 620.0 37.0
89.0 510.0 21.0
84.0 493.0 15.0
56.0 471.0 36.0
125.0 332.0 25.0
159.0 378.0 49.0
146.0 430.0 59.0
220.0 460.0 20.0
210.0 534.0 19.0
206.0 565.0 17.0
240.0 586.0 9.0
263.0 647.0 58.0
312.0 622.0 27.0
284.0 436.0 36.0
385.0 607.0 35.0
347.0 614.0 17.0
445.0 625.0 63.0
468.0 474.0 43.0
457.0 541.0 43.0
469.0 570.0 15.0
445.0 447.0 27.0
481.0 416.0 32.0
311.0 265.0 6.0
283.0 172.0 44.0
210.0 192.0 37.0
210.0 173.0 8.0
173.0 231.0 18.0
162.0 244.0 7.0
162.0 331.0 18.0
92.0 307.0 8.0
77.0 311.0 8.0
85.0 314.0 5.0
89.0 212.0 34.0
70.0 230.0 8.0
68.0 223.0 20.0
63.0 66.0 19.0
245.0 38.0 21.0
393.0 -10.0 57.0
359.0 216.0 16.0
372.0 208.0 21.0
388.0 219.0 8.0
255.0 344.0 14.0
250.0 323.0 17.0
269.0 297.0 9.0
286.0 370.0 34.0
303.0 411.0 18.0
355.0 422.0 23.0
399.0 299.0 13.0
103.0 542.0 7.0
97.0 561.0 6.0
178.0 471.0 18.0
184.0 394.0 8.0
360.0 639.0 41.0
378.0 633.0 20.0
386.0 353.0 42.0
