275.0 297.0 7.7
173.0 157.0 7.7
142.7 266.7 8.5
64.3 240.7 9.0
40.7 355.3 8.1
371.3 152.7 9.7
325.3 166.4 8.8
258.5 277.5 8.5
239.3 133.5 9.4
184.4 508.8 10.5
151.8 267.3 8.8
116.5 109.5 8.5
44.7 288.1 10.3
30.0 378.0 9.2
148.6 132.6 10.9
146.4 193.6 11.5
201.3 596.7 12.5
62.0 372.0 10.8
203.1 46.4 12.9
222.2 597.4 14.8
443.0 79.0 16.9
168.0 424.7 31.2
349.5 235.1 40.1
130.0 310.3 37.8
101.5 266.8 41.1
288.9 499.5 48.9
144.9 395.1 46.2
120.1 168.0 45.4
80.5 243.9 45.4
38.8 162.9 41.8
188.6 99.0 51.5
210.2 41.2 60.8
188.6 399.0 58.2
66.5 54.6 62.6
440.4 112.1 69.8
80.2 455.0 69.2
414.9 216.6 78.0
310.4 89.3 92.3
272.6 371.6 84.9
130.5 56.1 84.7
367.1 483.8 91.8
219.8 453.9 95.0
380.9 570.6 101.0
105.2 363.1 99.2
364.2 389.8 111.6
139.7 532.1 113.2
236.3 210.8 149.0
427.0 2.0 81.0
462.0 58.0 50.0
420.0 71.0 6.0
392.0 72.0 9.0
452.0 371.0 90.0
318.0 448.0 14.0
305.0 183.0 13.0
62.0 186.0 11.0
19.0 490.0 82.0
17.0 574.0 72.0
170.0 305.0 9.0
158.0 308.0 9.0
391.0 63.0 6.0
7.0 333.0 6.0
13.0 125.0 7.0
28.0 84.0 7.0
172.0 128.0 6.0
159.0 124.0 6.0
169.0 262.0 6.0
255.0 499.0 8.0
245.0 502.0 5.0
229.0 512.0 9.0
280.0 579.0 7.0
157.0 597.0 8.0
255.0 639.0 38.0
8.0 39.0 8.0
96.0 377.0 8.0
242.0 87.0 38.0
160.0 146.0 13.0
439.0 430.0 68.0
317.0 457.0 10.0
30.0 445.0 7.0
