459.0 515.5 38.9
197.1 586.4 39.3
381.8 425.0 41.8
52.1 158.3 61.3
318.3 47.7 65.4
295.7 557.2 58.9
204.0 37.1 58.5
186.7 463.3 60.4
125.4 481.8 63.7
403.1 121.7 74.2
290.5 397.5 73.3
155.3 418.8 71.0
345.0 565.5 74.3
334.5 259.3 80.5
173.3 155.9 78.1
82.6 91.3 73.4
340.4 497.0 84.6
292.2 320.6 82.3
267.1 135.3 78.4
229.8 226.4 107.4
448.0 356.0 100.0
461.0 210.0 88.0
321.0 6.0 34.0
319.0 117.0 33.0
10.0 437.0 38.0
100.0 413.0 28.0
66.0 270.0 157.0
232.0 605.0 86.0
468.0 604.0 17.0
