462.2 265.6 9.3
448.8 261.2 8.1
427.5 179.5 9.6
421.0 240.7 8.7
416.7 606.7 8.2
317.0 369.0 7.7
302.5 50.5 9.0
271.3 143.3 8.5
186.7 291.3 8.8
141.0 299.0 7.7
138.7 449.3 8.1
121.0 15.0 7.7
111.0 299.0 7.7
94.7 415.3 8.1
31.1 570.1 8.5
462.4 409.9 10.0
456.7 228.2 8.8
434.5 249.5 8.5
414.5 487.5 8.5
368.5 181.5 8.5
364.5 383.5 8.5
350.5 395.5 8.5
336.1 69.0 10.3
308.5 355.5 8.5
288.9 17.4 10.1
289.2 165.5 10.2
275.0 527.7 10.5
248.8 385.5 11.1
234.4 462.9 50.2
232.5 157.5 8.5
228.3 355.3 9.2
228.8 409.2 8.9
222.5 109.5 8.5
209.0 343.9 10.1
184.5 347.5 8.5
160.7 321.3 8.8
148.5 255.5 8.5
143.0 261.5 9.6
132.5 251.5 8.5
128.2 372.6 10.2
107.5 358.5 8.5
98.7 263.3 9.2
86.6 453.8 9.5
80.5 252.3 9.7
72.8 441.4 11.4
70.3 495.3 10.0
24.5 473.5 8.5
20.7 453.3 8.8
383.0 245.0 9.2
309.2 454.3 10.8
471.2 461.8 10.9
470.5 313.5 10.0
265.5 421.8 11.4
254.6 496.1 11.4
205.0 409.9 11.9
57.9 293.5 11.8
433.2 482.0 12.7
413.5 379.5 11.5
221.8 232.2 12.0
220.0 388.0 10.8
125.8 458.9 12.6
472.2 479.8 13.9
375.5 632.5 11.5
309.2 62.8 13.1
353.0 199.0 13.8
421.0 590.0 13.8
228.3 370.0 15.2
208.0 208.4 15.4
32.0 534.5 17.0
472.0 226.0 16.9
365.8 293.8 21.2
33.2 306.8 22.1
444.7 305.7 24.1
332.1 85.5 26.9
134.2 356.0 34.2
381.4 47.1 38.0
291.3 432.2 43.1
283.1 72.9 38.1
160.3 330.1 37.3
116.2 454.7 44.2
422.3 39.9 53.5
262.0 523.3 56.2
415.3 161.7 59.3
227.6 67.0 68.0
394.2 293.9 78.2
429.5 540.1 86.8
356.5 493.9 83.3
382.4 418.4 96.4
300.5 103.5 96.9
123.0 202.8 98.9
272.5 266.0 125.4
164.0 3.0 6.0
131.0 50.0 225.0
171.0 145.0 9.0
89.0 128.0 13.0
67.0 34.0 7.0
52.0 21.0 7.0
98.0 50.0 7.0
101.0 81.0 7.0
38.0 180.0 91.0
78.0 308.0 124.0
101.0 278.0 9.0
92.0 274.0 5.0
76.0 282.0 7.0
46.0 395.0 95.0
28.0 509.0 56.0
5.0 573.0 51.0
51.0 568.0 8.0
162.0 629.0 215.0
222.0 381.0 6.0
201.0 301.0 85.0
187.0 325.0 12.0
212.0 328.0 7.0
323.0 309.0 8.0
336.0 284.0 6.0
351.0 218.0 103.0
303.0 340.0 54.0
327.0 360.0 8.0
333.0 388.0 8.0
351.0 412.0 5.0
320.0 454.0 6.0
325.0 551.0 59.0
296.0 634.0 12.0
445.0 490.0 9.0
455.0 406.0 6.0
469.0 331.0 57.0
463.0 236.0 5.0
470.0 129.0 124.0
439.0 62.0 6.0
344.0 33.0 87.0
294.0 25.0 5.0
277.0 26.0 7.0
272.0 43.0 6.0
311.0 84.0 7.0
331.0 104.0 6.0
326.0 118.0 6.0
341.0 141.0 9.0
413.0 74.0 5.0
155.0 291.0 6.0
155.0 281.0 7.0
137.0 274.0 9.0
120.0 369.0 9.0
164.0 511.0 89.0
65.0 506.0 6.0
423.0 385.0 6.0
415.0 422.0 6.0
408.0 426.0 6.0
107.0 393.0 6.0
265.0 459.0 9.0
288.0 481.0 8.0
260.0 136.0 7.0
259.0 144.0 5.0
243.0 4.0 40.0
444.0 12.0 6.0
482.0 34.0 61.0
