250.2 55.3 8.8
219.3 449.3 10.9
210.0 40.0 8.2
194.7 185.2 10.2
165.8 178.2 8.1
132.8 59.2 8.8
133.0 495.6 10.2
130.8 475.2 8.5
131.0 595.0 7.7
108.7 255.3 8.8
90.8 263.2 8.5
7.0 361.0 7.7
442.3 229.7 11.0
337.8 321.8 10.2
332.2 238.6 10.1
318.5 221.5 8.5
302.4 335.1 12.0
267.8 303.5 11.0
258.3 37.1 10.6
258.7 145.7 9.2
244.5 471.5 8.5
233.8 337.3 8.8
210.4 633.1 9.8
197.8 402.2 8.8
172.8 125.2 8.8
165.9 499.7 10.0
158.5 437.5 8.5
108.5 45.5 8.5
100.5 313.5 8.5
101.1 623.6 12.3
96.4 211.1 10.6
50.7 454.9 11.2
48.3 177.7 9.7
48.5 229.5 9.6
44.5 41.5 8.5
26.5 97.5 8.5
16.5 73.5 8.5
11.5 237.5 8.5
9.8 106.8 10.0
454.4 328.0 13.2
398.4 224.1 11.0
394.5 155.3 14.1
291.2 630.2 11.5
353.9 95.7 12.8
224.9 420.1 12.4
189.9 160.6 14.0
176.0 546.0 10.8
100.8 218.5 11.5
224.8 169.2 12.6
453.0 43.0 12.3
348.8 341.1 16.5
152.3 454.0 14.9
330.7 73.3 16.7
314.6 72.2 16.8
263.7 376.9 16.3
154.5 599.5 16.5
51.8 246.6 16.8
22.5 44.7 16.2
445.2 544.8 16.6
341.2 32.0 16.6
264.3 27.3 16.9
108.4 404.8 17.8
449.2 21.3 19.6
85.8 570.3 20.8
40.6 537.7 22.0
165.6 34.8 22.5
151.4 470.6 21.5
458.7 184.9 27.6
375.6 139.7 26.2
254.2 523.6 27.9
252.9 558.7 25.2
15.7 176.9 25.0
352.3 226.9 27.3
81.5 221.5 27.0
289.8 257.7 34.9
394.0 445.7 42.8
409.7 586.2 54.3
134.8 327.7 54.5
388.1 298.6 58.7
132.3 226.7 58.8
325.0 500.5 109.9
25.0 115.0 5.0
32.0 68.0 7.0
105.0 20.0 7.0
128.0 22.0 7.0
388.0 420.0 10.0
460.0 591.0 13.0
463.0 511.0 7.0
390.0 525.0 15.0
89.0 615.0 8.0
28.0 610.0 7.0
38.0 252.0 6.0
137.0 285.0 6.0
145.0 263.0 7.0
147.0 372.0 7.0
154.0 382.0 6.0
280.0 321.0 7.0
349.0 323.0 8.0
361.0 332.0 8.0
357.0 253.0 11.0
128.0 108.0 9.0
36.0 146.0 7.0
71.0 22.0 7.0
234.0 442.0 16.0
166.0 462.0 9.0
176.0 439.0 9.0
180.0 403.0 5.0
246.0 43.0 13.0
