473.2 520.3 8.7
413.3 419.3 9.0
370.3 90.3 12.8
351.8 132.2 8.1
348.2 122.5 9.2
348.6 526.9 8.7
341.5 416.5 9.2
339.9 532.6 8.5
323.0 631.0 7.7
281.1 506.9 8.5
258.7 514.9 8.8
212.7 440.2 8.1
204.8 425.2 8.5
192.7 476.7 8.5
156.7 578.7 8.2
115.0 163.0 7.7
107.1 228.9 8.5
82.8 239.2 8.8
82.2 570.5 8.7
64.7 510.7 8.5
61.8 271.3 8.1
54.7 614.7 8.2
46.7 445.3 8.1
14.8 313.2 8.5
12.7 573.3 8.1
474.5 365.5 8.5
464.5 495.5 8.5
462.5 283.5 9.2
416.8 108.4 9.8
412.5 553.5 8.5
402.3 307.7 9.7
396.2 153.2 9.2
360.7 259.3 8.8
355.0 77.0 10.0
352.5 596.5 8.5
346.5 381.5 8.5
313.9 396.6 9.2
303.5 143.5 8.5
280.9 518.1 10.0
255.8 291.7 9.2
242.8 438.5 10.3
238.5 297.5 8.5
217.3 42.3 8.7
210.7 131.3 8.8
193.6 514.4 15.1
188.5 223.5 8.5
180.7 510.7 8.7
170.3 545.2 9.2
168.3 438.4 15.8
162.5 247.5 9.2
162.7 627.3 8.8
146.7 79.7 9.2
140.8 539.8 9.7
136.7 595.3 8.8
121.3 269.3 8.7
104.5 349.5 9.2
100.5 169.5 8.5
94.5 343.5 9.6
79.8 358.2 17.9
78.8 229.2 8.8
76.5 30.6 10.2
76.7 415.3 9.2
73.6 621.9 9.9
68.5 243.5 8.5
61.1 621.4 9.0
38.5 251.5 8.5
32.7 473.3 8.8
11.7 271.2 8.8
465.0 311.0 9.2
412.6 542.2 11.8
186.6 390.9 11.4
139.2 336.8 10.8
87.0 164.6 10.5
400.7 104.1 10.9
375.0 544.0 10.8
346.3 441.0 11.5
273.8 119.0 11.1
121.7 241.6 11.7
57.6 385.9 10.6
470.5 334.2 12.1
462.6 442.4 12.5
351.4 103.1 12.0
305.5 447.4 12.9
195.5 93.2 11.5
164.9 158.6 14.0
149.7 608.3 11.2
109.4 586.4 12.1
50.0 280.0 10.8
40.0 328.5 12.3
25.5 139.5 11.5
21.7 341.7 12.3
387.8 196.2 12.7
385.5 580.5 11.5
376.4 299.0 13.9
355.5 32.5 11.5
229.1 424.1 12.8
93.5 48.5 11.5
83.1 271.4 12.9
57.8 368.9 13.2
227.6 474.1 14.8
197.8 55.0 14.8
187.0 317.0 12.3
73.0 465.0 13.8
472.2 355.8 15.4
376.5 433.2 16.2
325.0 74.0 14.6
325.3 332.9 15.6
312.3 82.8 14.2
202.5 546.5 14.6
165.3 515.1 16.5
122.0 614.0 13.8
106.0 214.0 13.8
360.9 551.3 17.5
298.5 329.5 16.9
299.3 423.3 16.9
170.9 63.1 17.3
127.0 235.0 15.4
442.0 8.0 16.9
371.0 458.0 19.4
345.4 306.6 18.9
297.3 286.7 19.3
269.9 136.1 18.6
205.2 79.1 19.8
63.0 190.0 17.7
51.6 252.8 17.5
93.9 406.1 20.8
353.3 12.0 23.1
214.6 407.6 29.1
81.3 329.8 28.5
317.1 516.7 38.4
187.5 574.3 46.5
29.5 268.5 43.8
375.4 522.0 60.1
358.0 416.0 55.4
274.5 83.5 59.2
194.5 277.5 70.3
185.2 108.8 64.6
434.8 486.7 77.6
414.9 391.6 95.0
123.6 457.3 106.9
282.7 212.2 123.3
255.1 356.9 121.2
77.8 128.0 122.0
433.0 242.0 136.0
167.0 177.0 121.0
396.0 47.0 138.0
271.0 593.0 143.0
426.0 597.0 123.0
132.0 344.0 126.0
168.0 605.0 17.0
7.0 207.0 49.0
137.0 28.0 78.0
327.0 156.0 60.0
295.0 106.0 65.0
282.0 1.0 101.0
385.0 459.0 45.0
230.0 86.0 66.0
416.0 98.0 7.0
405.0 128.0 9.0
490.0 115.0 124.0
410.0 314.0 8.0
396.0 322.0 7.0
329.0 388.0 5.0
452.0 354.0 7.0
130.0 628.0 118.0
143.0 617.0 9.0
152.0 636.0 8.0
161.0 636.0 9.0
9.0 623.0 49.0
23.0 563.0 12.0
17.0 26.0 125.0
-4.0 446.0 60.0
36.0 347.0 55.0
30.0 399.0 7.0
35.0 307.0 8.0
70.0 288.0 6.0
59.0 223.0 7.0
148.0 183.0 6.0
155.0 185.0 7.0
167.0 172.0 6.0
186.0 180.0 5.0
290.0 216.0 10.0
156.0 375.0 9.0
147.0 326.0 8.0
107.0 337.0 9.0
197.0 433.0 6.0
268.0 486.0 6.0
218.0 499.0 7.0
370.0 342.0 6.0
380.0 340.0 7.0
355.0 346.0 5.0
359.0 224.0 7.0
330.0 265.0 7.0
402.0 173.0 5.0
415.0 145.0 5.0
195.0 12.0 7.0
190.0 462.0 11.0
188.0 453.0 7.0
76.0 514.0 47.0
69.0 564.0 39.0
109.0 535.0 12.0
116.0 529.0 7.0
143.0 565.0 6.0
48.0 204.0 6.0
67.0 432.0 7.0
224.0 468.0 18.0
-7.0 544.0 117.0
