459.0 107.0 7.7
419.8 523.3 8.1
325.0 343.0 7.7
274.8 247.2 8.1
205.0 291.0 7.7
190.8 189.2 8.1
124.7 143.3 8.1
470.6 198.3 10.9
460.7 464.2 8.8
458.8 93.7 9.2
454.5 496.8 9.5
438.7 601.8 10.8
426.9 479.7 10.1
418.7 395.3 9.2
409.8 465.3 8.8
404.7 543.3 9.2
402.5 571.5 8.5
396.5 597.5 8.5
380.7 406.2 8.8
376.2 388.9 20.7
364.5 233.5 8.5
358.5 599.5 8.5
310.5 79.5 8.5
304.5 417.5 8.5
300.2 535.2 9.7
291.3 80.0 8.7
280.8 481.2 8.8
262.5 31.5 8.5
252.5 361.5 9.6
250.5 143.5 8.5
233.8 179.6 30.4
221.5 393.5 9.5
214.5 183.5 8.5
164.7 387.3 8.8
142.5 315.5 8.5
141.3 389.3 8.7
116.3 567.7 9.6
92.5 459.5 8.5
80.5 462.5 8.5
78.5 299.5 8.5
77.1 319.4 9.0
66.7 95.3 9.2
54.3 255.7 9.7
44.5 305.5 8.5
32.7 626.2 8.8
28.4 470.7 9.9
20.5 405.5 8.5
16.5 557.5 8.5
14.5 609.5 8.5
477.0 307.0 9.2
387.0 86.6 10.5
369.3 578.7 10.4
365.0 573.0 9.2
356.8 229.2 9.6
333.0 549.0 9.2
253.5 261.5 10.0
229.2 476.8 10.4
183.6 207.4 10.9
133.2 435.6 10.8
85.0 313.0 9.2
77.5 280.5 10.0
55.0 461.0 9.2
53.8 111.5 10.0
26.3 12.8 10.4
471.9 141.6 11.0
426.8 247.8 11.2
350.8 13.8 11.0
342.7 352.0 10.8
244.0 36.0 10.8
223.7 88.3 11.2
150.1 341.9 11.5
119.3 85.3 11.1
117.3 413.5 11.2
65.7 401.7 10.3
16.8 208.1 11.7
443.9 358.1 11.7
436.0 534.0 12.3
413.1 611.9 12.1
357.6 25.9 12.1
303.7 614.3 11.2
303.1 202.5 18.3
288.8 598.0 12.6
284.0 25.6 13.8
266.6 378.6 12.5
243.2 401.6 12.0
233.7 287.7 12.3
232.9 43.5 12.5
213.7 461.0 12.3
204.7 224.1 27.4
187.8 509.5 12.1
177.5 539.8 11.5
140.9 192.4 12.9
123.1 556.4 12.1
94.5 490.5 11.5
89.9 16.9 12.1
69.8 278.3 12.2
64.0 19.5 11.5
58.2 486.2 12.0
39.8 487.5 12.0
36.6 31.0 12.9
391.5 168.8 13.3
325.5 346.5 11.5
277.3 578.7 11.9
235.6 312.1 15.8
215.1 406.5 13.4
213.1 484.4 12.9
185.1 376.5 13.4
162.7 238.6 26.3
145.9 64.9 12.8
127.3 268.7 11.9
118.4 326.1 12.5
67.5 357.2 12.6
469.8 624.7 14.2
436.3 146.7 14.4
420.7 405.3 13.9
380.2 603.8 14.6
361.0 564.3 13.3
313.1 128.3 13.8
313.4 569.3 35.1
292.5 488.5 13.1
285.2 355.7 27.3
263.0 427.0 12.3
210.0 101.0 13.1
141.0 485.0 12.3
127.0 457.7 13.3
53.0 319.0 12.3
31.5 427.5 13.1
423.7 622.2 15.0
389.3 140.0 14.9
343.5 128.5 14.6
345.0 508.0 16.2
341.2 280.0 15.1
304.0 246.0 13.8
264.0 452.7 14.9
254.0 600.0 13.8
252.0 276.7 14.9
198.3 279.0 14.4
190.0 311.3 14.9
190.8 448.0 16.0
184.3 244.3 15.4
108.0 70.0 13.8
80.5 177.5 14.6
80.7 408.0 14.9
10.0 300.0 13.8
469.0 465.0 15.4
383.3 237.0 17.1
371.5 360.5 16.5
354.9 243.1 17.5
333.8 468.7 16.9
322.5 223.5 16.2
314.2 410.7 17.3
294.8 106.3 16.9
287.2 543.2 18.1
257.7 210.1 29.1
235.8 431.4 17.5
228.0 113.0 15.4
185.0 569.0 15.4
179.0 593.7 16.4
167.8 165.5 36.5
136.6 94.6 17.2
103.5 99.5 16.2
94.8 72.7 17.3
76.0 385.0 16.2
61.5 420.5 16.2
31.0 568.3 16.4
27.0 537.7 16.4
468.9 452.1 19.4
452.8 135.2 18.2
408.7 233.3 17.7
396.0 396.0 16.9
376.5 536.5 17.7
376.2 38.8 18.7
374.2 565.2 18.7
354.0 218.0 16.9
345.1 574.9 18.6
328.9 292.8 18.4
267.4 406.4 19.2
234.0 240.7 18.0
176.1 35.1 18.3
166.0 206.0 17.7
150.0 330.0 16.9
110.8 545.6 17.5
103.0 568.0 17.7
50.0 352.0 16.9
44.0 67.3 17.4
454.9 606.7 19.6
443.2 409.8 19.6
371.9 426.7 21.2
335.4 594.4 21.6
324.2 66.9 21.2
321.0 247.0 18.5
302.4 516.8 20.3
287.3 518.7 18.5
280.1 96.3 20.8
263.8 176.2 21.5
224.0 62.0 18.5
215.9 317.4 21.2
137.4 156.6 20.2
135.4 290.6 20.6
124.0 107.5 20.8
109.7 293.7 21.5
101.6 272.1 21.3
27.3 371.8 19.6
12.2 15.2 19.2
451.4 159.4 21.9
398.5 535.5 20.8
396.5 553.3 23.3
364.1 544.2 21.9
359.9 301.5 22.1
357.6 412.1 23.1
354.2 376.2 22.3
334.7 13.7 21.7
319.7 443.3 21.9
313.0 14.7 21.5
306.5 597.5 20.8
276.9 445.3 22.8
277.7 605.2 21.9
276.4 243.4 23.3
222.7 199.3 21.9
215.4 263.6 23.5
181.5 268.1 21.7
119.4 602.6 22.4
99.2 196.8 23.3
43.5 368.1 21.7
20.4 41.6 22.5
12.5 433.5 20.8
414.0 552.0 23.1
386.7 118.7 24.6
346.1 447.9 26.0
300.0 273.0 23.1
252.6 331.4 24.2
237.2 142.8 25.5
200.8 518.8 24.0
160.0 484.7 24.6
27.8 110.5 26.8
441.2 434.2 28.1
344.5 254.2 26.4
171.2 282.5 28.5
149.3 452.9 29.1
144.2 128.8 26.9
138.8 314.7 28.1
69.8 500.6 29.4
52.5 387.5 25.4
48.0 583.5 26.9
32.8 404.5 27.4
33.5 482.5 25.4
15.5 577.5 25.4
415.1 165.1 32.0
364.5 127.5 28.5
365.5 190.0 30.8
333.2 529.5 29.5
240.1 378.7 28.5
206.5 172.8 29.5
129.3 72.7 29.7
73.8 211.2 30.5
46.4 456.1 31.0
43.3 514.7 29.1
23.0 290.0 28.5
437.5 199.0 31.5
422.3 232.7 33.4
324.9 368.3 31.5
279.4 133.6 32.5
269.6 62.0 36.3
264.0 513.4 33.7
206.6 51.2 34.5
201.9 141.4 36.8
107.8 440.9 33.0
79.4 246.1 33.8
73.9 54.6 34.5
457.4 520.0 37.3
396.2 199.8 37.7
386.2 277.9 37.1
323.0 330.5 37.1
296.9 391.2 39.3
289.5 36.5 37.7
251.2 474.2 37.9
247.4 79.4 36.9
119.7 244.7 39.6
30.8 243.1 37.8
431.1 583.5 44.3
402.7 438.0 40.9
292.5 199.5 39.2
182.0 344.7 41.6
178.4 417.4 39.7
153.4 560.8 43.3
130.1 360.5 41.8
124.5 19.5 39.2
110.2 518.2 41.5
321.2 159.8 47.7
281.3 309.4 44.3
170.1 87.9 51.2
93.5 133.6 45.5
91.5 470.5 43.8
419.7 362.3 51.6
70.2 545.4 51.1
301.3 468.7 55.4
171.8 495.6 57.5
426.6 307.7 66.7
373.5 491.3 70.0
340.6 82.8 70.0
227.2 561.7 72.2
44.3 159.7 74.2
431.0 47.8 86.9
480.0 119.0 49.0
467.0 170.0 10.0
470.0 204.0 38.0
464.0 244.0 27.0
461.0 280.0 33.0
481.0 382.0 75.0
420.0 417.0 17.0
444.0 526.0 52.0
477.0 547.0 34.0
478.0 507.0 8.0
458.0 563.0 9.0
477.0 580.0 6.0
475.0 636.0 11.0
430.0 633.0 22.0
405.0 621.0 9.0
377.0 637.0 44.0
335.0 637.0 45.0
313.0 635.0 7.0
260.0 633.0 85.0
278.0 638.0 5.0
184.0 630.0 21.0
190.0 630.0 47.0
173.0 614.0 5.0
141.0 633.0 32.0
102.0 627.0 35.0
95.0 594.0 49.0
73.0 619.0 9.0
64.0 597.0 8.0
13.0 574.0 9.0
6.0 558.0 11.0
10.0 557.0 42.0
26.0 553.0 7.0
8.0 513.0 17.0
-3.0 468.0 41.0
1.0 401.0 18.0
2.0 369.0 38.0
20.0 328.0 43.0
40.0 263.0 24.0
9.0 185.0 7.0
4.0 155.0 16.0
6.0 139.0 13.0
24.0 168.0 6.0
9.0 81.0 30.0
5.0 60.0 11.0
7.0 58.0 35.0
3.0 33.0 13.0
52.0 8.0 33.0
49.0 40.0 33.0
82.0 6.0 18.0
85.0 81.0 36.0
65.0 86.0 10.0
148.0 43.0 7.0
158.0 18.0 37.0
200.0 2.0 58.0
247.0 0.0 31.0
259.0 16.0 15.0
246.0 53.0 6.0
252.0 44.0 8.0
254.0 35.0 38.0
316.0 30.0 8.0
262.0 160.0 33.0
255.0 190.0 7.0
253.0 220.0 35.0
336.0 216.0 25.0
322.0 210.0 7.0
310.0 294.0 9.0
340.0 322.0 38.0
353.0 354.0 7.0
335.0 383.0 7.0
380.0 408.0 44.0
331.0 426.0 27.0
418.0 139.0 29.0
441.0 130.0 19.0
365.0 48.0 9.0
377.0 24.0 30.0
394.0 11.0 9.0
394.0 220.0 26.0
408.0 268.0 21.0
315.0 260.0 35.0
271.0 251.0 23.0
234.0 250.0 22.0
222.0 315.0 45.0
236.0 354.0 31.0
205.0 371.0 36.0
243.0 415.0 41.0
188.0 441.0 36.0
133.0 276.0 25.0
106.0 377.0 47.0
89.0 360.0 35.0
68.0 339.0 30.0
106.0 410.0 7.0
148.0 395.0 18.0
131.0 528.0 48.0
137.0 597.0 30.0
153.0 611.0 36.0
239.0 490.0 31.0
312.0 496.0 15.0
70.0 280.0 24.0
83.0 269.0 12.0
104.0 314.0 23.0
106.0 146.0 45.0
221.0 102.0 21.0
300.0 137.0 13.0
300.0 145.0 7.0
346.0 150.0 32.0
375.0 149.0 7.0
384.0 168.0 29.0
139.0 259.0 5.0
94.0 225.0 24.0
137.0 226.0 42.0
169.0 378.0 21.0
60.0 437.0 21.0
17.0 641.0 38.0
