248.7 514.8 8.5
163.0 221.0 7.7
436.7 141.3 8.8
434.7 493.7 9.2
359.5 544.6 10.1
313.5 128.5 8.5
308.5 555.5 9.2
220.7 50.1 12.8
106.7 238.8 14.9
293.5 252.5 11.5
427.0 109.0 13.8
399.0 107.0 13.8
176.0 92.0 13.8
355.8 613.5 24.5
279.7 587.4 26.7
398.5 150.9 33.6
399.5 300.7 35.3
180.4 39.8 39.5
33.3 420.8 35.7
221.8 519.3 38.9
97.3 544.2 42.5
213.9 489.0 46.9
200.3 360.4 45.0
114.5 306.8 42.1
413.9 343.7 51.4
364.6 98.2 47.4
361.5 536.5 43.8
327.1 221.8 49.3
375.7 386.7 52.6
361.8 249.2 53.3
255.4 96.2 53.8
250.2 212.5 51.5
84.3 420.6 52.1
386.2 196.6 68.1
154.5 501.2 66.5
112.4 158.1 65.9
111.1 361.8 64.7
171.6 250.6 75.8
148.6 576.8 73.5
91.4 49.5 89.3
321.9 460.0 122.9
260.0 287.0 141.0
227.0 156.0 114.0
181.0 445.0 110.0
52.0 306.0 130.0
33.0 141.0 95.0
171.0 66.0 52.0
428.0 129.0 7.0
-12.0 239.0 110.0
-2.0 517.0 87.0
78.0 628.0 41.0
126.0 642.0 47.0
232.0 638.0 78.0
404.0 547.0 18.0
460.0 603.0 17.0
468.0 416.0 121.0
477.0 323.0 17.0
473.0 199.0 50.0
477.0 259.0 141.0
403.0 -33.0 142.0
302.0 0.0 41.0
275.0 19.0 49.0
253.0 3.0 35.0
