463.0 189.0 7.7
426.8 569.2 8.5
386.8 555.2 8.5
381.3 511.3 8.5
361.4 578.4 8.5
353.0 459.0 7.7
338.2 212.8 8.5
330.8 238.8 8.5
237.0 445.0 7.7
211.1 578.5 8.5
144.7 552.2 8.1
116.8 448.3 8.1
107.0 299.0 7.7
104.7 628.7 8.5
44.7 163.3 8.1
35.5 426.9 9.6
32.4 413.1 8.7
14.8 347.2 8.5
448.5 473.5 8.5
434.5 369.5 8.5
390.5 363.5 8.5
382.5 473.5 8.5
360.7 418.0 9.2
334.7 511.7 9.2
330.7 278.3 9.2
298.7 364.0 9.2
283.5 517.5 8.5
263.3 225.4 9.9
236.5 533.5 8.5
223.1 207.4 9.0
198.5 630.8 10.0
173.3 429.3 8.7
146.7 301.3 8.8
146.5 311.5 8.5
140.5 466.7 9.7
121.1 198.9 8.7
122.5 477.5 8.5
118.9 601.1 9.8
96.5 561.5 8.5
86.7 350.3 8.8
81.2 451.6 9.8
64.5 593.5 8.5
56.5 55.5 9.6
18.1 542.3 9.1
14.7 127.3 9.2
471.2 467.9 10.7
350.4 554.7 10.6
312.5 365.5 10.0
129.5 629.0 10.6
91.0 329.0 9.2
58.8 412.2 11.1
433.9 537.2 12.4
408.8 518.3 11.2
365.2 565.1 10.9
351.6 279.1 10.9
270.6 204.4 10.6
238.5 567.5 10.0
196.5 606.5 11.0
12.3 487.4 11.2
276.1 174.4 12.1
262.0 442.0 10.8
260.6 510.2 12.0
202.3 204.3 11.3
153.5 62.5 11.5
142.8 626.0 11.4
95.5 368.5 11.5
77.9 582.9 12.2
67.1 442.4 12.9
60.7 152.1 12.3
454.9 446.4 12.9
198.7 71.3 12.8
107.3 432.7 13.5
461.0 173.0 13.8
348.5 38.5 13.1
69.3 521.8 14.2
410.7 538.0 14.9
394.0 308.0 15.1
324.6 434.0 15.2
283.5 218.0 17.8
10.0 327.0 13.8
267.0 385.3 17.1
254.0 458.4 16.6
167.0 586.2 17.2
138.6 190.6 17.5
49.1 381.1 17.3
315.4 603.1 18.7
255.9 386.9 19.5
173.0 336.0 17.7
140.2 550.5 18.7
135.0 308.0 17.7
59.0 434.0 17.7
353.0 300.3 20.0
179.4 225.4 19.4
164.0 214.0 18.5
371.3 473.7 22.7
320.9 12.2 23.5
292.8 496.4 22.2
197.7 563.8 24.5
173.4 416.1 22.5
158.7 487.0 24.9
14.5 231.5 20.8
468.5 611.5 23.8
371.7 373.6 25.9
353.5 579.0 24.1
337.6 483.8 26.3
314.7 453.7 24.6
288.1 93.4 27.9
238.3 591.8 24.2
16.3 469.8 24.2
351.1 331.4 29.6
327.7 315.6 27.8
256.1 528.2 28.2
238.5 450.9 28.9
159.6 186.4 29.2
377.8 231.5 30.5
258.9 134.8 29.5
139.8 27.3 31.6
361.3 171.5 37.3
359.0 206.5 37.0
227.3 413.7 33.4
88.4 592.7 36.0
413.6 44.0 40.1
398.6 601.6 41.5
358.0 260.0 35.4
285.9 600.0 39.3
244.7 491.1 42.9
239.3 18.8 37.3
237.2 79.1 37.6
202.0 25.1 38.4
187.6 467.6 37.8
162.8 526.9 39.2
48.4 477.6 39.7
382.9 90.0 41.3
184.0 309.0 41.5
111.5 335.9 41.8
322.2 550.2 47.0
263.2 248.3 50.0
151.4 116.8 46.0
125.5 178.9 46.7
25.5 177.5 43.8
423.8 188.5 52.4
329.0 227.0 49.2
319.3 509.3 50.8
301.0 87.0 49.2
286.9 320.6 52.4
149.0 273.0 53.8
100.7 488.8 52.2
63.0 133.0 49.2
367.4 124.6 57.1
146.2 583.0 57.9
123.5 389.5 59.7
424.3 495.6 70.1
440.3 320.5 70.7
304.7 150.3 75.8
88.0 71.9 85.2
369.8 425.1 93.1
80.6 243.1 91.3
471.0 11.0 89.0
478.0 88.0 43.0
490.0 186.0 72.0
478.0 231.0 7.0
471.0 246.0 7.0
472.0 257.0 5.0
454.0 131.0 63.0
457.0 132.0 7.0
460.0 142.0 6.0
469.0 134.0 10.0
449.0 86.0 49.0
368.0 40.0 82.0
385.0 51.0 9.0
375.0 32.0 6.0
303.0 60.0 7.0
273.0 10.0 50.0
162.0 53.0 78.0
66.0 121.0 7.0
49.0 250.0 10.0
113.0 259.0 9.0
54.0 355.0 74.0
61.0 562.0 60.0
70.0 503.0 46.0
120.0 513.0 43.0
173.0 635.0 30.0
235.0 640.0 38.0
261.0 618.0 25.0
272.0 572.0 87.0
320.0 635.0 56.0
332.0 593.0 9.0
370.0 655.0 55.0
454.0 643.0 50.0
430.0 624.0 6.0
471.0 558.0 44.0
474.0 494.0 25.0
470.0 427.0 7.0
437.0 450.0 9.0
451.0 409.0 6.0
420.0 360.0 7.0
407.0 358.0 5.0
411.0 343.0 8.0
409.0 351.0 5.0
415.0 355.0 5.0
396.0 261.0 6.0
376.0 250.0 6.0
315.0 269.0 7.0
323.0 275.0 6.0
204.0 276.0 85.0
193.0 386.0 102.0
182.0 394.0 7.0
212.0 158.0 105.0
194.0 116.0 6.0
201.0 118.0 6.0
226.0 110.0 6.0
219.0 202.0 8.0
192.0 217.0 6.0
163.0 331.0 5.0
100.0 180.0 6.0
216.0 74.0 6.0
223.0 55.0 7.0
351.0 325.0 75.0
317.0 420.0 7.0
253.0 422.0 7.0
306.0 476.0 6.0
303.0 485.0 6.0
227.0 471.0 7.0
214.0 466.0 6.0
184.0 492.0 8.0
214.0 504.0 5.0
194.0 538.0 7.0
215.0 561.0 6.0
241.0 555.0 7.0
196.0 586.0 6.0
180.0 598.0 6.0
219.0 621.0 5.0
108.0 428.0 41.0
289.0 271.0 43.0
416.0 235.0 48.0
481.0 290.0 37.0
481.0 375.0 50.0
223.0 433.0 5.0
209.0 460.0 6.0
161.0 549.0 7.0
332.0 202.0 7.0
73.0 374.0 5.0
80.0 507.0 7.0
222.0 460.0 5.0
345.0 467.0 6.0
400.0 538.0 7.0
386.0 530.0 25.0
