432.8 537.2 8.5
162.8 91.2 8.5
155.0 87.0 7.7
399.2 277.2 9.8
378.3 449.2 10.0
36.5 20.5 37.2
11.2 60.8 10.4
164.1 72.5 11.5
94.5 381.5 10.0
92.2 338.2 13.5
367.5 288.5 11.5
166.6 211.0 12.9
35.7 51.9 14.3
254.9 450.9 15.4
337.2 431.2 16.6
276.8 72.0 15.1
205.6 475.4 18.0
134.3 116.9 19.4
184.5 36.5 17.3
25.0 550.1 26.4
366.4 174.9 29.1
24.5 339.5 31.5
201.9 246.7 37.6
155.5 266.2 43.9
456.9 207.1 42.5
432.6 596.8 41.9
213.5 414.5 45.9
198.6 44.0 46.8
129.5 22.5 43.8
413.2 325.1 71.1
40.0 484.1 65.6
273.1 529.1 76.7
232.3 291.8 74.2
224.1 184.3 77.0
361.3 498.0 85.0
236.4 106.8 78.4
49.2 405.8 84.0
160.3 363.9 98.9
96.6 180.2 95.7
80.2 265.8 88.7
286.6 357.8 111.6
143.9 508.9 112.4
276.0 91.0 29.0
327.0 96.0 15.0
342.0 130.0 9.0
296.0 144.0 8.0
349.0 240.0 15.0
302.0 264.0 9.0
279.0 541.0 11.0
261.0 586.0 10.0
279.0 583.0 9.0
346.0 645.0 76.0
408.0 647.0 50.0
461.0 310.0 134.0
335.0 20.0 91.0
197.0 80.0 5.0
22.0 549.0 54.0
24.0 586.0 16.0
438.0 115.0 115.0
141.0 632.0 151.0
302.0 607.0 12.0
229.0 478.0 13.0
59.0 80.0 8.0
103.0 100.0 8.0
96.0 92.0 8.0
87.0 95.0 114.0
384.0 190.0 7.0
357.0 229.0 7.0
298.0 213.0 91.0
