447.0 315.0 7.7
434.1 541.6 9.4
381.0 403.0 7.7
379.0 133.0 7.7
370.7 346.2 8.1
359.0 455.0 8.5
355.2 15.4 9.1
353.3 193.2 8.5
330.7 335.3 8.8
321.1 321.3 8.8
291.0 367.0 8.5
280.3 49.3 9.2
258.7 299.3 8.1
250.8 307.2 8.5
248.8 410.4 8.6
159.5 335.2 8.5
112.8 323.2 8.5
109.0 303.0 7.7
35.3 461.3 8.2
468.5 575.5 8.5
463.3 107.3 8.7
452.5 625.5 8.5
450.0 568.0 11.3
420.7 528.0 10.5
416.1 542.4 9.4
414.7 200.1 9.1
395.3 465.9 9.4
386.5 79.5 9.6
378.0 611.4 10.1
366.7 557.3 9.2
363.9 199.4 9.6
362.5 117.1 9.4
354.3 287.7 9.7
354.5 457.5 9.2
340.6 102.3 10.5
340.5 189.5 8.5
334.2 127.2 9.0
330.7 203.3 10.0
315.1 334.1 11.7
314.5 545.5 8.5
304.8 129.6 10.8
304.5 535.5 8.5
290.5 327.5 11.5
276.5 458.7 9.4
275.3 215.5 9.7
236.5 549.5 9.2
230.5 67.5 8.5
199.3 365.6 10.3
192.7 121.3 11.1
180.5 431.5 9.2
161.9 25.4 10.4
160.5 573.5 8.5
128.5 298.5 8.5
129.3 564.0 11.3
124.7 368.3 10.7
112.5 559.5 8.5
108.3 485.7 9.7
104.5 83.5 8.5
88.7 221.3 8.8
80.5 485.5 9.6
76.7 566.7 8.7
64.5 529.5 8.5
62.8 243.2 8.9
60.5 165.5 8.5
56.5 623.5 8.5
39.0 65.0 10.0
33.7 91.5 9.7
23.8 621.5 10.3
22.9 451.9 10.3
16.5 463.5 8.5
453.0 555.0 9.2
403.0 505.0 9.2
395.3 615.4 11.4
357.0 373.0 9.2
205.1 402.9 13.0
171.0 19.0 9.2
99.0 480.0 10.8
78.7 144.2 9.6
13.0 302.2 10.5
463.9 313.5 11.8
400.3 215.7 10.4
398.7 128.3 11.6
350.5 69.5 10.0
286.5 369.5 10.0
283.0 218.0 10.8
258.5 437.5 10.0
246.7 158.3 11.2
239.1 584.4 11.0
178.8 263.2 12.6
106.0 156.0 10.8
88.3 591.7 11.4
435.7 458.3 11.2
429.1 26.4 11.3
336.4 368.7 11.9
328.8 186.3 11.2
285.3 8.4 12.9
221.1 515.9 12.1
218.7 33.7 12.8
162.0 326.0 10.8
154.0 14.0 10.8
79.7 156.3 11.2
28.2 225.8 12.6
473.1 600.9 13.5
461.5 26.5 11.5
417.5 462.5 12.6
335.3 34.7 11.9
257.8 280.8 14.2
199.2 234.8 11.9
147.3 578.7 11.9
111.7 96.3 14.3
439.6 566.9 15.2
427.0 181.9 15.7
390.3 101.1 15.5
361.9 177.7 15.5
311.0 115.0 12.3
292.7 211.7 15.1
135.7 480.0 14.9
122.5 493.0 13.8
120.6 619.4 14.1
117.0 567.0 12.3
27.0 327.0 12.3
465.9 10.5 19.2
452.5 28.5 15.1
446.5 265.5 14.6
380.3 268.7 16.2
360.0 510.0 13.8
348.0 512.0 13.8
303.8 162.2 15.9
252.3 423.2 15.0
238.0 444.0 13.8
175.0 568.0 15.4
149.5 608.5 17.3
140.5 207.8 15.1
139.3 623.8 15.0
76.8 89.8 16.5
66.5 464.5 14.6
47.6 473.6 16.8
429.0 422.2 17.2
412.2 474.8 18.5
404.7 521.3 17.8
393.8 536.3 15.8
237.1 497.3 19.3
161.3 198.3 16.9
159.3 420.9 17.1
157.9 74.6 17.9
64.2 447.0 17.2
454.0 532.9 19.2
418.3 117.3 22.1
355.4 304.1 20.3
237.5 288.3 20.6
107.8 266.4 20.3
50.3 537.8 18.9
42.2 318.5 18.7
430.5 315.5 21.6
420.3 220.9 22.7
237.5 389.9 22.9
160.8 494.4 20.3
99.0 112.5 22.0
24.2 290.3 22.7
458.0 216.2 25.6
429.8 274.6 23.1
406.7 47.5 26.5
380.5 351.5 20.8
353.0 498.7 23.8
17.5 548.1 23.1
12.5 259.5 20.8
440.5 104.8 26.4
402.5 409.6 28.5
358.0 525.7 27.4
332.5 513.5 25.4
448.6 294.0 29.9
324.9 149.6 29.8
321.5 613.4 31.2
269.6 383.5 31.1
199.9 29.6 29.5
70.3 185.7 29.1
138.9 36.6 34.3
407.4 250.6 38.7
370.8 431.6 40.8
176.6 96.7 37.7
300.4 245.2 42.0
200.7 469.8 67.5
442.0 150.0 8.0
379.0 64.0 6.0
135.0 66.0 8.0
129.0 63.0 11.0
125.0 83.0 10.0
146.0 85.0 17.0
158.0 121.0 8.0
93.0 87.0 9.0
41.0 263.0 9.0
96.0 313.0 9.0
248.0 261.0 8.0
238.0 255.0 7.0
181.0 339.0 8.0
167.0 351.0 9.0
108.0 398.0 7.0
71.0 437.0 8.0
90.0 503.0 7.0
142.0 597.0 8.0
196.0 516.0 8.0
219.0 565.0 9.0
208.0 572.0 7.0
196.0 584.0 7.0
283.0 355.0 7.0
263.0 357.0 9.0
326.0 307.0 10.0
455.0 316.0 21.0
468.0 292.0 11.0
445.0 235.0 7.0
403.0 193.0 8.0
340.0 344.0 17.0
338.0 345.0 7.0
343.0 348.0 9.0
343.0 340.0 7.0
75.0 214.0 7.0
93.0 154.0 6.0
327.0 26.0 10.0
341.0 207.0 8.0
320.0 214.0 9.0
305.0 190.0 8.0
202.0 285.0 6.0
210.0 286.0 8.0
186.0 281.0 7.0
158.0 314.0 5.0
179.0 316.0 7.0
195.0 314.0 7.0
192.0 551.0 6.0
334.0 426.0 9.0
354.0 407.0 7.0
375.0 373.0 6.0
400.0 370.0 7.0
389.0 354.0 8.0
471.0 477.0 8.0
362.0 590.0 9.0
350.0 612.0 8.0
297.0 602.0 8.0
149.0 407.0 8.0
151.0 384.0 6.0
