414.2 541.8 18.7
89.6 416.2 23.5
303.6 571.4 29.8
312.2 463.7 41.8
112.5 151.5 31.5
114.9 431.3 46.2
76.7 268.2 41.5
342.7 30.2 44.0
33.5 297.1 48.4
313.6 538.7 54.8
147.1 276.2 58.5
184.0 564.9 56.8
128.7 46.7 59.9
90.7 342.3 62.4
345.6 359.3 63.3
330.2 99.0 72.0
308.1 406.4 66.5
208.8 601.7 65.5
406.4 548.5 79.2
207.6 405.7 89.5
88.7 566.6 86.7
249.8 188.1 89.8
246.7 282.0 95.4
168.8 489.0 95.0
349.8 271.3 101.2
337.0 196.0 44.0
433.0 177.0 153.0
455.0 366.0 172.0
353.0 621.0 77.0
256.0 452.0 21.0
33.0 122.0 124.0
64.0 468.0 48.0
31.0 625.0 48.0
3.0 413.0 157.0
2.0 540.0 101.0
184.0 330.0 64.0
156.0 546.0 36.0
225.0 70.0 57.0
152.0 125.0 112.0
