470.7 195.3 8.1
432.7 10.8 8.5
430.7 594.2 8.1
420.8 239.2 8.5
416.8 115.2 8.5
372.8 317.2 8.1
284.8 233.2 8.1
263.8 117.3 8.1
226.8 295.8 8.0
188.7 487.3 8.1
462.5 544.5 8.5
454.5 575.5 8.5
438.7 269.3 9.2
438.5 431.5 8.5
432.5 147.5 9.5
408.5 319.5 8.5
402.5 21.5 8.5
368.8 539.8 9.0
362.5 389.5 8.5
355.2 28.8 9.5
304.7 121.3 8.8
280.5 417.5 8.5
256.5 235.5 8.5
254.7 225.3 9.2
248.9 548.1 9.8
246.0 561.6 10.5
238.7 338.2 8.8
226.7 247.3 8.8
206.0 516.0 21.9
194.7 99.3 9.2
180.7 375.3 9.2
178.3 179.7 9.7
166.1 307.4 14.1
152.5 67.5 8.5
148.2 47.2 9.0
138.5 457.5 9.2
132.5 311.5 8.5
130.2 477.4 9.5
106.7 447.3 9.2
84.5 349.5 8.5
83.3 579.3 8.7
76.7 403.3 8.8
70.7 153.3 9.2
53.8 151.8 9.2
52.5 631.5 8.5
48.2 571.2 9.0
16.5 93.5 8.5
14.5 219.5 8.5
12.7 411.3 8.8
452.7 45.3 9.6
447.3 505.8 10.4
410.8 612.1 10.9
403.8 467.8 10.4
396.7 522.2 9.6
393.0 131.0 9.2
333.0 71.0 9.2
324.7 57.3 9.6
276.8 411.2 9.6
257.3 303.2 10.4
220.8 273.8 9.5
76.8 361.2 9.6
472.5 603.5 10.0
408.0 291.0 10.8
305.2 377.7 10.4
252.2 283.8 10.4
250.0 512.0 10.8
235.0 7.0 10.8
222.7 439.6 11.2
185.0 524.0 10.8
167.3 280.0 10.8
82.6 242.9 11.3
76.5 387.5 10.0
66.2 383.8 10.4
432.5 506.0 11.5
410.4 407.6 11.4
401.9 90.6 11.7
382.6 605.1 11.9
316.5 400.5 11.5
308.2 444.5 11.5
263.5 501.2 11.5
223.9 616.1 12.0
145.6 599.6 12.0
125.5 622.5 11.5
101.5 575.8 11.5
15.5 106.5 11.5
449.5 544.5 11.5
425.5 290.5 11.5
423.8 32.2 12.7
385.8 400.2 12.7
368.2 601.2 12.6
277.5 214.5 12.6
273.8 276.2 12.7
241.1 596.1 12.8
231.6 20.9 12.9
220.7 136.7 11.8
219.5 27.8 12.6
219.3 180.7 11.9
175.3 354.7 11.9
117.9 22.9 12.8
83.3 86.7 11.9
51.6 126.9 12.9
457.0 195.0 13.3
427.0 113.0 12.3
360.0 169.3 12.8
288.7 618.7 13.5
223.0 332.5 13.8
211.5 567.5 13.1
208.3 326.7 13.3
192.5 402.5 13.1
191.5 469.5 13.1
185.0 133.0 12.3
93.0 251.0 12.3
63.0 61.5 13.8
462.0 250.0 13.8
450.0 418.7 14.9
443.5 335.5 14.6
398.2 417.8 15.4
375.0 299.7 14.4
301.0 607.7 14.4
293.7 420.3 15.4
288.0 332.0 13.8
244.0 130.0 13.8
201.0 212.3 14.4
182.0 235.3 14.9
153.7 252.2 15.0
148.0 156.8 15.7
147.4 482.6 15.4
112.0 618.0 14.9
85.0 424.0 13.8
60.0 18.0 13.8
55.5 45.5 14.6
54.7 466.0 14.9
38.0 570.0 13.8
28.0 160.0 13.8
25.5 36.5 14.6
11.5 343.5 14.6
471.0 403.0 16.6
437.5 533.0 16.2
426.0 203.3 15.9
417.6 459.2 16.3
320.5 412.5 16.1
308.0 472.0 16.2
220.0 483.5 16.5
219.8 586.8 16.9
167.2 161.8 16.9
164.2 238.8 17.4
116.0 393.0 16.2
99.7 265.0 16.4
97.0 425.0 15.4
86.5 120.5 16.2
63.0 258.3 16.4
32.2 113.5 17.4
13.5 135.2 16.9
455.3 62.0 18.0
436.0 42.0 17.7
412.7 225.3 17.7
371.8 19.0 19.1
333.5 500.5 17.7
316.0 589.3 18.0
302.9 504.8 18.4
270.8 77.2 18.2
262.0 136.0 17.7
254.1 575.4 18.7
236.0 310.0 17.7
234.0 501.0 17.7
232.0 151.0 17.7
210.0 20.0 17.7
206.7 86.6 18.3
191.0 170.0 17.7
105.0 526.0 16.9
77.0 450.0 16.9
48.0 29.0 17.7
442.7 403.3 19.8
421.2 582.7 19.6
371.8 253.2 19.6
247.9 436.1 20.2
229.5 573.2 19.2
193.7 554.7 20.0
180.3 392.8 19.6
177.2 479.8 19.6
167.7 137.7 20.0
157.0 491.4 19.4
155.7 176.7 20.8
156.2 289.8 19.6
135.9 626.6 20.2
95.1 510.1 19.8
78.0 292.0 18.5
43.5 586.2 20.8
40.0 52.0 18.5
14.8 499.8 19.2
469.3 127.9 20.8
459.7 270.6 21.9
434.7 246.7 21.5
428.5 473.5 20.8
401.7 163.2 21.9
401.3 190.7 21.5
363.8 625.8 22.3
273.4 595.2 24.6
261.7 245.5 23.3
215.4 164.3 23.1
209.0 451.0 24.2
204.6 127.8 23.1
185.7 502.3 21.9
158.4 582.6 22.5
98.8 51.2 21.9
96.1 284.9 21.3
83.1 377.8 22.1
64.3 571.8 21.9
59.3 410.2 23.6
48.4 551.6 22.5
13.8 602.2 20.8
450.8 107.0 25.6
428.8 312.1 24.7
408.3 140.7 24.2
383.8 277.2 24.2
381.3 139.8 24.2
375.6 475.6 25.5
342.7 347.7 24.6
336.0 199.4 23.7
331.3 562.7 24.2
309.3 187.7 25.2
299.0 304.3 25.8
296.4 203.4 25.2
280.4 508.4 24.0
238.6 229.7 24.8
230.1 545.9 24.4
128.1 533.9 24.1
120.4 432.4 25.5
113.6 499.9 23.7
453.8 300.5 26.4
375.0 503.0 26.9
342.9 52.7 27.2
341.5 544.5 25.4
325.5 450.5 28.5
323.5 296.5 25.4
253.3 26.3 28.0
232.8 275.2 28.5
218.0 501.0 26.9
211.2 400.3 27.7
208.7 233.1 27.5
176.9 14.3 27.2
125.5 276.5 27.9
60.8 611.8 27.6
29.1 76.9 27.9
372.1 350.3 30.3
279.6 156.2 30.2
154.5 269.5 28.5
124.7 49.5 30.2
96.5 601.0 30.4
80.9 18.3 30.3
63.1 98.9 29.3
43.6 293.2 29.8
40.1 235.3 30.6
454.1 609.3 34.3
426.5 122.5 31.5
417.8 348.6 33.5
410.7 262.8 32.0
320.4 91.9 35.4
314.1 535.1 34.8
293.0 261.7 32.8
292.4 567.1 33.9
213.1 368.3 32.2
200.5 296.6 33.3
140.4 81.2 34.7
89.4 547.4 32.5
35.0 319.0 35.4
30.4 417.6 32.6
410.1 500.2 37.2
368.2 203.6 37.1
351.7 283.7 36.5
347.8 481.3 37.5
346.8 594.4 35.4
342.4 387.6 37.4
337.9 251.6 38.3
269.6 537.4 35.9
259.3 322.2 39.3
197.8 604.7 37.5
191.9 46.1 36.3
187.3 260.1 37.4
184.6 203.6 38.6
143.3 20.0 37.1
127.4 578.6 36.6
116.3 141.4 37.6
109.9 181.9 37.6
68.9 214.8 36.6
23.6 192.7 38.7
459.0 463.5 40.4
442.2 170.0 42.1
430.7 74.4 41.8
380.5 101.3 40.8
239.5 108.5 39.2
99.6 466.4 40.8
444.5 220.5 43.8
383.7 50.4 47.0
365.5 570.5 43.8
339.0 136.6 48.9
248.8 389.9 45.5
237.0 62.2 47.2
172.7 105.6 48.3
173.1 326.4 47.6
163.5 544.1 45.2
144.3 371.0 45.7
114.0 226.9 48.1
107.5 94.5 48.2
73.5 182.5 43.8
67.5 502.0 48.2
412.8 547.5 49.2
368.8 433.3 55.0
250.4 188.0 52.0
111.7 318.3 52.3
40.4 370.6 50.8
299.2 363.7 58.8
254.5 473.5 56.8
305.5 33.7 62.3
162.9 433.4 62.3
389.0 231.0 32.0
347.0 174.0 26.0
352.0 79.0 21.0
345.0 95.0 8.0
296.0 117.0 41.0
340.0 223.0 6.0
354.0 231.0 7.0
339.0 311.0 16.0
352.0 324.0 32.0
400.0 317.0 39.0
443.0 276.0 26.0
418.0 389.0 31.0
411.0 373.0 7.0
401.0 388.0 7.0
430.0 425.0 21.0
437.0 439.0 7.0
373.0 383.0 7.0
299.0 232.0 29.0
150.0 52.0 25.0
179.0 76.0 29.0
186.0 572.0 30.0
186.0 633.0 12.0
249.0 632.0 25.0
272.0 627.0 5.0
51.0 447.0 47.0
8.0 525.0 28.0
10.0 566.0 35.0
32.0 546.0 30.0
10.0 479.0 37.0
14.0 256.0 36.0
10.0 288.0 18.0
29.0 147.0 6.0
44.0 142.0 7.0
38.0 127.0 15.0
38.0 103.0 7.0
50.0 71.0 5.0
29.0 51.0 6.0
67.0 41.0 38.0
306.0 502.0 38.0
289.0 474.0 9.0
309.0 322.0 8.0
252.0 275.0 8.0
92.0 357.0 26.0
42.0 261.0 6.0
295.0 590.0 5.0
377.0 331.0 7.0
387.0 379.0 7.0
447.0 38.0 7.0
476.0 30.0 48.0
470.0 517.0 40.0
474.0 572.0 43.0
409.0 595.0 16.0
156.0 506.0 8.0
144.0 515.0 6.0
147.0 527.0 8.0
153.0 516.0 8.0
441.0 16.0 27.0
453.0 1.0 19.0
480.0 94.0 32.0
480.0 124.0 14.0
482.0 160.0 34.0
473.0 234.0 22.0
482.0 354.0 74.0
485.0 435.0 30.0
479.0 487.0 12.0
468.0 574.0 5.0
479.0 616.0 18.0
466.0 639.0 20.0
443.0 636.0 23.0
395.0 639.0 21.0
332.0 634.0 11.0
348.0 629.0 29.0
304.0 643.0 45.0
162.0 618.0 47.0
140.0 614.0 8.0
119.0 624.0 29.0
104.0 632.0 17.0
73.0 647.0 62.0
71.0 635.0 8.0
15.0 647.0 73.0
31.0 598.0 6.0
0.0 395.0 36.0
80.0 392.0 39.0
68.0 335.0 31.0
2.0 169.0 18.0
7.0 72.0 8.0
0.0 120.0 14.0
9.0 21.0 30.0
53.0 0.0 31.0
102.0 -4.0 36.0
388.0 5.0 7.0
404.0 77.0 12.0
205.0 144.0 35.0
143.0 255.0 6.0
151.0 134.0 8.0
145.0 119.0 5.0
168.0 173.0 5.0
257.0 230.0 38.0
288.0 180.0 8.0
361.0 159.0 5.0
420.0 215.0 6.0
179.0 378.0 40.0
198.0 358.0 7.0
218.0 344.0 25.0
199.0 341.0 6.0
296.0 355.0 6.0
338.0 517.0 40.0
369.0 530.0 7.0
375.0 525.0 5.0
386.0 489.0 5.0
50.0 533.0 8.0
41.0 523.0 5.0
59.0 595.0 20.0
68.0 535.0 10.0
130.0 510.0 5.0
120.0 478.0 8.0
141.0 566.0 8.0
151.0 623.0 5.0
444.0 575.0 14.0
470.0 558.0 9.0
406.0 462.0 19.0
311.0 272.0 23.0
