429.1 366.9 8.5
397.3 141.2 8.5
331.8 245.3 8.1
189.9 325.1 8.7
73.8 272.2 10.5
50.8 577.2 8.5
43.0 365.0 8.5
40.7 267.3 8.8
470.8 575.2 8.9
446.5 357.5 8.5
435.8 159.7 9.2
435.6 375.9 9.9
412.7 444.2 8.8
392.5 339.5 8.5
388.5 181.5 8.5
369.1 196.9 8.7
320.5 109.5 8.5
316.5 273.5 8.5
300.5 479.5 8.5
300.5 577.5 8.5
288.5 609.5 8.5
262.5 219.5 9.2
226.7 441.3 9.2
207.5 491.8 9.0
177.5 595.8 11.0
150.5 483.5 8.5
144.6 602.9 14.1
146.7 616.7 8.7
122.8 83.8 9.0
120.5 527.5 8.5
120.8 573.8 9.2
112.7 261.3 9.2
98.5 441.5 8.5
96.7 95.3 9.2
96.5 115.5 9.6
88.5 279.5 8.5
82.1 65.9 10.2
79.3 77.5 9.7
76.5 283.5 8.5
51.3 602.0 9.2
48.5 507.5 8.5
7.3 391.3 8.7
437.0 293.0 9.2
369.9 186.5 10.3
353.5 286.5 10.0
351.0 417.0 9.2
321.8 374.2 10.0
271.5 629.2 10.5
263.5 448.5 10.0
231.4 303.0 10.5
179.2 13.5 10.0
161.0 229.0 9.2
63.0 75.0 9.2
16.8 449.2 9.6
445.7 399.5 11.2
424.5 541.5 10.0
340.1 473.6 11.7
292.5 179.5 10.0
289.0 444.0 10.8
211.4 557.6 11.0
102.5 383.5 11.0
92.0 605.3 10.8
90.1 522.3 11.2
60.0 267.3 10.8
441.2 414.2 11.0
422.8 358.2 11.2
385.5 379.8 11.5
333.7 110.3 11.2
286.9 362.0 12.5
253.5 180.5 11.5
81.5 260.5 11.5
75.8 84.2 11.2
47.8 302.2 11.2
402.8 428.4 21.2
383.3 520.7 11.9
377.8 350.2 12.7
313.5 68.5 11.5
199.9 550.9 12.8
185.1 228.4 12.9
163.2 74.8 11.9
99.5 632.5 11.5
81.3 192.3 13.1
21.5 308.5 12.6
475.0 315.0 12.3
401.0 476.3 13.3
399.7 385.0 13.3
295.9 624.1 20.2
239.0 115.0 12.3
219.8 55.3 14.2
171.0 124.0 13.1
167.2 572.8 13.8
153.0 67.0 12.3
141.0 427.0 12.3
25.3 48.7 29.8
474.0 482.0 13.8
455.7 488.2 15.0
445.0 255.7 14.4
386.2 193.8 15.4
302.8 369.7 15.0
291.5 538.5 14.6
276.0 36.0 13.8
266.0 280.8 15.7
244.0 59.3 14.9
224.5 526.0 15.4
118.0 375.0 15.4
77.5 434.5 14.6
68.0 592.7 14.9
444.7 104.0 15.9
418.7 190.7 17.4
318.3 626.8 16.9
300.0 102.0 16.5
227.0 315.0 15.4
188.0 416.0 15.7
162.5 136.5 16.2
147.0 283.0 15.4
135.0 410.0 15.4
129.3 46.0 15.9
128.0 358.7 15.9
128.0 489.0 15.4
126.0 545.0 16.2
102.2 123.0 17.2
89.6 560.9 17.9
65.0 87.0 15.4
62.2 211.0 17.2
47.0 473.7 16.4
30.0 167.3 15.9
462.1 393.4 18.7
452.0 50.0 17.7
444.0 512.0 17.7
398.0 120.0 17.7
373.8 493.0 19.1
360.0 600.0 17.7
356.6 537.9 18.6
346.0 64.7 18.0
334.0 520.0 16.9
163.3 214.0 18.0
141.5 153.0 18.1
130.0 274.0 16.9
130.0 372.0 17.7
90.0 448.0 16.9
441.2 394.7 19.6
433.2 481.7 19.6
422.3 47.7 19.6
393.7 405.7 20.0
370.7 258.7 19.6
353.4 310.4 20.2
345.4 510.6 19.8
321.8 179.2 19.6
308.3 401.2 21.0
249.7 219.1 21.6
245.1 269.3 19.8
193.7 341.1 20.8
146.0 406.0 18.5
90.1 10.9 20.4
77.0 289.7 20.0
67.9 104.5 19.8
60.8 231.7 19.6
46.2 247.2 19.2
466.6 506.6 21.2
454.2 192.1 23.4
449.6 546.0 22.1
401.1 26.1 21.7
385.5 581.5 20.8
384.0 607.6 22.2
382.1 133.9 21.3
364.6 521.1 22.7
330.2 300.8 22.7
287.5 119.5 20.8
231.3 599.3 21.5
195.9 482.9 21.7
98.5 463.5 20.8
89.3 347.2 23.4
65.5 344.5 20.8
60.0 179.8 23.1
12.5 193.5 20.8
359.4 464.2 24.0
340.3 47.4 25.9
318.4 239.0 24.4
304.9 597.1 25.9
277.2 102.8 23.8
257.8 198.8 25.2
247.4 528.0 23.7
239.7 36.6 25.8
211.2 588.2 25.1
183.6 560.4 24.2
158.1 196.9 23.7
135.8 298.8 23.8
466.2 169.5 27.5
417.5 81.2 27.4
386.5 158.8 26.4
215.2 464.8 27.1
160.2 263.8 25.4
153.5 432.5 25.4
145.5 78.5 27.9
110.5 504.5 27.4
109.0 291.7 28.0
27.4 287.2 28.2
407.5 213.5 30.0
389.4 457.7 29.5
361.3 436.0 30.0
343.4 618.1 30.9
340.8 90.8 31.0
328.2 360.3 31.7
317.5 206.8 30.5
274.5 59.0 28.5
245.3 96.7 29.1
173.9 314.1 30.3
92.5 579.9 29.1
72.5 18.3 29.7
69.3 315.6 32.0
51.1 29.4 30.0
38.3 199.0 30.1
28.8 616.4 30.1
438.6 222.1 34.7
419.6 253.6 33.5
419.7 575.3 33.5
397.5 361.3 33.4
391.5 60.0 35.4
357.1 343.5 31.5
336.4 271.4 34.2
328.9 422.9 33.8
306.2 514.4 33.5
300.8 151.8 32.3
276.1 580.1 35.6
265.6 339.6 34.4
253.7 303.6 33.9
236.1 556.7 34.9
214.0 79.8 35.4
158.1 541.3 34.3
109.3 409.7 33.0
98.6 49.6 33.6
22.4 229.6 34.3
387.2 549.6 39.7
381.6 96.1 36.9
306.1 331.4 37.4
295.8 275.5 40.5
265.3 245.6 37.4
200.0 441.8 37.1
194.8 526.7 37.2
182.6 103.5 38.6
148.0 508.2 37.3
142.0 332.7 37.1
117.0 607.7 40.5
41.0 326.0 35.4
438.1 451.0 41.1
352.4 152.6 40.8
316.3 463.0 43.5
194.7 155.9 41.7
138.3 116.2 41.1
130.3 459.5 40.1
36.4 428.5 43.9
24.2 384.2 40.4
359.0 224.0 46.8
241.3 145.6 47.7
201.3 205.1 48.3
180.0 48.0 46.4
74.3 486.3 45.6
72.8 381.3 47.5
46.1 133.7 48.9
416.0 142.9 49.8
410.2 506.7 49.9
374.8 290.5 51.3
361.0 389.4 49.2
203.1 281.2 54.9
128.0 223.0 49.2
111.0 170.2 54.1
71.6 539.6 51.8
337.1 573.7 55.4
177.9 371.9 62.7
88.0 258.0 55.4
430.0 323.3 65.4
262.3 485.6 66.6
259.6 412.0 62.3
304.0 179.0 16.0
302.0 145.0 65.0
304.0 73.0 58.0
297.0 14.0 49.0
367.0 10.0 50.0
445.0 61.0 28.0
460.0 88.0 12.0
437.0 90.0 5.0
430.0 93.0 10.0
437.0 93.0 51.0
474.0 143.0 25.0
465.0 125.0 27.0
434.0 190.0 30.0
373.0 186.0 29.0
280.0 224.0 10.0
285.0 224.0 15.0
297.0 220.0 30.0
240.0 333.0 49.0
192.0 238.0 30.0
11.0 89.0 44.0
20.0 496.0 54.0
19.0 564.0 53.0
196.0 625.0 47.0
242.0 631.0 38.0
263.0 613.0 14.0
271.0 546.0 43.0
345.0 487.0 33.0
129.0 432.0 10.0
111.0 536.0 10.0
160.0 586.0 51.0
44.0 265.0 20.0
165.0 225.0 53.0
206.0 5.0 27.0
264.0 41.0 11.0
269.0 81.0 14.0
472.0 359.0 35.0
424.0 545.0 54.0
447.0 576.0 13.0
370.0 634.0 15.0
386.0 628.0 8.0
251.0 576.0 7.0
251.0 605.0 5.0
223.0 573.0 6.0
107.0 439.0 24.0
154.0 455.0 49.0
179.0 466.0 16.0
207.0 407.0 48.0
8.0 362.0 18.0
2.0 326.0 38.0
63.0 252.0 13.0
67.0 193.0 6.0
216.0 50.0 40.0
365.0 121.0 40.0
208.0 110.0 52.0
188.0 130.0 9.0
196.0 144.0 5.0
211.0 239.0 7.0
214.0 245.0 7.0
76.0 420.0 65.0
474.0 660.0 169.0
489.0 454.0 57.0
481.0 407.0 28.0
475.0 304.0 21.0
455.0 292.0 45.0
478.0 232.0 31.0
484.0 198.0 33.0
405.0 197.0 7.0
309.0 423.0 7.0
283.0 334.0 6.0
216.0 402.0 8.0
67.0 635.0 58.0
27.0 457.0 6.0
28.0 354.0 6.0
42.0 178.0 38.0
135.0 0.0 86.0
195.0 23.0 8.0
254.0 13.0 35.0
251.0 77.0 7.0
265.0 129.0 8.0
273.0 127.0 23.0
362.0 93.0 8.0
437.0 42.0 8.0
474.0 63.0 8.0
129.0 256.0 7.0
140.0 177.0 6.0
151.0 290.0 8.0
31.0 376.0 7.0
33.0 391.0 6.0
434.0 558.0 6.0
438.0 561.0 6.0
36.0 -5.0 43.0
6.0 30.0 18.0
1.0 160.0 46.0
3.0 414.0 21.0
1.0 439.0 22.0
4.0 625.0 6.0
10.0 635.0 10.0
158.0 633.0 23.0
449.0 -12.0 108.0
4.0 0.0 19.0
5.0 297.0 17.0
161.0 290.0 6.0
242.0 375.0 7.0
275.0 542.0 8.0
