80.8 36.9 10.6
341.0 627.0 12.3
101.1 536.8 34.5
376.1 375.5 42.9
75.6 81.7 44.5
217.6 388.8 48.0
186.4 164.4 48.8
218.0 492.2 52.7
302.2 32.4 58.7
295.3 223.7 68.0
236.6 118.7 66.3
36.5 376.5 62.3
428.6 357.4 79.2
355.5 228.5 70.0
178.9 550.7 79.5
308.2 429.8 92.8
108.8 336.5 98.7
348.4 308.1 104.1
333.7 141.2 108.3
245.6 304.4 103.4
152.4 61.4 106.1
407.1 503.8 118.3
132.3 225.1 112.6
471.0 133.0 162.0
268.0 630.0 22.0
336.0 633.0 64.0
233.0 9.0 47.0
291.0 66.0 75.0
31.0 515.0 99.0
23.0 100.0 54.0
90.0 270.0 23.0
447.0 262.0 103.0
374.0 -10.0 112.0
63.0 706.0 198.0
