230.8 12.1 8.5
187.8 613.2 8.1
157.0 297.0 7.7
11.0 57.0 7.7
8.9 449.7 9.0
385.3 9.4 15.9
256.7 262.9 12.4
468.5 459.5 13.1
273.5 14.6 14.0
190.0 422.0 10.8
29.0 478.8 12.8
297.6 112.1 19.4
454.3 433.6 19.9
469.4 332.5 17.9
459.7 502.1 24.2
278.0 472.0 13.8
440.2 49.1 21.0
265.0 409.0 15.4
208.2 12.2 20.9
89.4 9.4 18.6
391.6 276.9 20.5
359.6 184.4 22.2
370.1 197.9 27.8
288.6 257.5 36.5
192.8 38.5 29.5
430.9 93.2 39.9
397.7 293.9 30.5
399.5 334.8 39.8
172.1 361.9 34.3
34.0 13.0 26.9
181.9 427.7 47.5
145.8 582.2 30.5
209.2 408.2 43.7
256.7 53.1 64.7
310.0 462.6 50.7
184.0 277.2 80.4
319.0 388.8 89.9
381.4 139.7 87.8
216.2 153.0 137.1
353.0 46.0 70.0
458.0 420.0 18.0
258.0 440.0 64.0
186.0 520.0 115.0
214.0 628.0 37.0
56.0 562.0 119.0
85.0 420.0 72.0
89.0 299.0 117.0
73.0 171.0 87.0
118.0 57.0 77.0
135.0 217.0 72.0
249.0 332.0 90.0
224.0 448.0 14.0
140.0 618.0 64.0
