374.2 85.2 8.5
364.8 39.2 8.1
359.4 23.2 10.4
354.4 130.8 9.1
314.3 249.3 8.5
298.7 373.3 8.1
290.8 439.2 8.5
255.3 318.7 8.5
250.7 5.3 8.1
235.0 419.0 7.7
200.7 388.7 8.2
181.5 482.5 9.0
175.1 72.4 8.3
174.7 459.3 8.1
159.2 467.3 8.5
57.0 409.0 7.7
50.6 27.4 9.2
476.5 409.5 8.5
438.5 105.5 8.5
436.4 290.0 9.2
400.5 29.5 8.5
400.5 459.5 8.5
386.5 99.5 8.5
386.8 477.8 9.0
364.4 135.7 10.3
330.1 383.9 9.5
320.5 65.5 10.6
310.7 139.3 8.8
302.1 316.4 9.9
292.5 395.5 8.5
272.5 133.5 8.5
240.0 181.3 10.0
230.5 239.5 8.5
218.8 17.2 8.8
196.5 545.5 8.5
189.3 201.3 8.7
187.5 131.5 8.5
188.5 295.5 8.5
186.1 118.7 9.9
181.7 523.1 9.7
172.7 282.7 8.7
156.5 103.5 8.5
131.3 245.3 8.7
120.5 175.5 8.5
114.7 180.7 8.7
106.7 373.3 9.2
97.3 439.6 9.7
78.7 38.0 9.2
78.4 505.2 10.8
66.5 447.5 8.5
54.2 73.3 9.2
50.4 497.8 9.9
40.5 25.5 8.5
10.8 521.8 9.0
8.6 466.1 10.3
167.1 14.7 10.6
282.1 297.9 11.6
139.0 73.6 12.8
83.0 475.5 11.5
43.8 190.8 11.2
414.5 134.5 11.5
352.8 173.3 12.3
188.4 14.8 11.4
58.2 568.1 12.6
32.3 429.7 11.8
283.2 568.2 12.0
16.2 460.6 13.5
264.0 234.8 14.5
129.0 59.0 12.3
192.7 101.7 15.9
225.0 548.2 17.2
265.4 156.2 19.4
332.5 361.5 20.8
236.0 42.0 35.4
210.0 272.7 42.3
439.7 96.8 57.6
271.4 34.8 57.3
395.0 246.2 80.9
106.5 289.8 84.6
85.0 103.8 79.4
409.3 358.0 104.6
321.1 481.2 109.7
379.0 297.0 14.0
228.0 578.0 84.0
299.0 619.0 75.0
139.0 473.0 8.0
18.0 87.0 63.0
57.0 139.0 9.0
147.0 496.0 6.0
120.0 514.0 7.0
285.0 548.0 7.0
279.0 531.0 5.0
304.0 576.0 8.0
328.0 568.0 5.0
313.0 563.0 6.0
432.0 501.0 7.0
232.0 192.0 8.0
260.0 137.0 7.0
278.0 201.0 8.0
229.0 101.0 5.0
318.0 14.0 6.0
474.0 37.0 12.0
461.0 37.0 10.0
322.0 38.0 9.0
271.0 174.0 10.0
392.0 605.0 8.0
158.0 594.0 9.0
13.0 551.0 8.0
33.0 529.0 6.0
42.0 538.0 6.0
54.0 517.0 7.0
46.0 459.0 6.0
65.0 423.0 9.0
323.0 272.0 7.0
333.0 245.0 62.0
341.0 131.0 8.0
57.0 31.0 64.0
18.0 186.0 51.0
26.0 237.0 9.0
28.0 274.0 6.0
202.0 306.0 7.0
327.0 335.0 7.0
345.0 305.0 7.0
339.0 296.0 6.0
102.0 390.0 14.0
