476.7 536.2 8.1
464.8 39.2 8.5
462.4 49.6 8.3
448.8 136.5 8.5
448.8 490.1 8.8
441.7 123.2 8.1
418.8 473.2 8.1
410.4 577.1 8.7
380.8 399.2 8.8
368.4 38.9 8.8
347.2 467.3 8.5
310.8 187.2 8.5
298.5 371.9 8.5
292.7 136.9 8.8
260.8 429.2 8.5
251.3 155.3 8.2
245.3 498.7 8.2
243.3 445.3 8.5
243.3 631.3 8.5
221.3 540.0 8.2
167.9 570.9 8.5
158.8 341.6 8.9
156.8 123.2 8.5
144.7 152.5 8.8
133.2 389.2 8.5
126.8 572.7 8.5
115.0 45.0 7.7
96.8 507.2 8.5
88.8 170.7 8.5
81.5 48.2 8.9
77.2 15.2 8.5
72.8 283.2 8.5
64.3 441.3 9.2
58.7 147.3 8.8
56.7 419.3 8.8
23.5 387.2 8.5
472.5 285.5 8.5
460.5 459.5 8.5
453.5 478.5 9.0
452.5 311.5 8.5
448.9 464.2 10.5
440.2 3.2 9.0
440.5 485.5 8.5
438.8 441.2 8.9
436.5 323.5 8.5
432.5 419.5 8.5
420.6 105.2 10.9
416.5 323.5 8.5
410.5 107.5 9.2
408.7 59.3 9.2
375.8 53.3 8.8
367.3 264.0 8.7
360.5 383.5 8.5
354.5 109.5 8.5
352.5 421.5 8.5
344.5 389.5 8.5
320.7 313.3 9.2
316.7 76.2 8.8
314.5 95.5 9.6
308.5 65.5 8.5
308.5 305.5 8.5
266.5 337.5 8.5
265.7 624.5 10.0
256.7 151.3 8.8
254.5 509.5 8.5
225.2 463.1 11.0
216.5 559.5 8.5
204.7 561.3 8.8
194.5 519.8 10.2
192.3 303.7 9.7
184.7 313.3 9.2
174.7 134.7 8.7
174.5 349.5 8.5
158.5 239.5 8.5
144.5 73.5 9.6
144.5 169.5 8.5
141.9 587.8 9.8
140.4 369.6 10.5
138.8 343.6 9.8
132.5 65.5 8.5
126.5 103.5 8.5
122.7 497.3 8.8
116.5 391.5 8.5
112.7 200.2 8.8
111.5 362.5 9.0
100.5 349.5 8.5
96.7 81.3 9.2
90.5 129.5 8.5
74.5 497.5 8.5
70.5 241.5 8.5
66.5 579.5 8.5
56.8 124.3 8.8
50.6 451.4 10.1
28.8 469.7 10.9
24.7 213.1 10.6
16.5 547.5 8.5
9.0 58.2 8.9
9.7 463.1 10.8
8.5 623.5 8.5
7.4 105.5 10.2
381.8 64.8 11.5
337.5 382.9 10.3
309.0 399.0 9.2
225.2 456.8 10.0
115.0 379.0 9.2
70.8 455.4 10.9
64.4 595.3 11.5
426.7 469.9 11.4
222.6 309.7 11.9
180.2 271.8 11.8
134.1 217.1 11.8
46.7 88.2 11.2
19.0 475.0 10.8
462.3 592.4 13.4
433.9 286.9 11.5
273.3 357.7 12.9
249.2 221.4 12.6
229.7 208.7 12.5
211.6 550.2 13.4
142.2 326.5 12.0
125.8 68.2 11.2
87.5 150.1 12.2
88.1 326.1 12.1
27.6 482.4 12.1
403.7 199.2 12.7
247.8 361.4 14.1
187.9 500.3 14.9
51.1 320.9 13.2
46.8 345.2 13.9
15.1 290.3 13.7
274.6 557.2 14.0
116.7 549.3 14.9
449.4 226.2 14.8
385.0 263.7 15.4
184.0 203.0 14.6
122.2 435.8 16.1
94.2 622.0 16.7
91.1 294.3 16.3
462.7 10.8 18.6
421.3 155.0 17.4
376.6 89.0 18.4
318.8 337.0 17.2
277.0 372.0 16.9
174.8 531.0 17.2
109.1 336.9 17.5
66.7 24.9 18.3
43.3 551.0 17.6
18.7 231.3 17.4
469.0 490.7 19.2
396.4 379.2 20.9
195.6 112.2 21.9
138.7 182.1 20.4
329.3 210.3 21.5
246.2 599.8 24.3
215.2 126.5 21.9
134.8 556.5 22.8
62.1 620.4 24.3
384.6 237.7 26.3
273.8 319.1 26.8
15.7 418.3 25.6
419.6 221.6 31.7
372.0 315.0 33.7
278.4 520.0 32.7
460.9 89.5 36.5
159.9 503.7 39.7
330.7 34.0 43.5
53.1 390.6 42.1
387.7 141.2 56.1
320.9 126.5 51.4
410.6 530.8 57.6
173.7 388.3 59.1
241.0 63.3 82.6
313.0 203.0 9.0
455.0 470.0 6.0
462.0 550.0 9.0
461.0 508.0 8.0
450.0 255.0 7.0
454.0 284.0 8.0
463.0 280.0 8.0
470.0 269.0 7.0
457.0 271.0 5.0
462.0 131.0 7.0
419.0 83.0 7.0
295.0 111.0 9.0
153.0 19.0 7.0
54.0 76.0 6.0
78.0 104.0 8.0
73.0 118.0 7.0
90.0 105.0 7.0
42.0 96.0 7.0
75.0 272.0 9.0
48.0 273.0 9.0
60.0 270.0 5.0
49.0 218.0 7.0
85.0 210.0 7.0
73.0 229.0 7.0
118.0 156.0 8.0
156.0 166.0 8.0
247.0 146.0 7.0
240.0 127.0 6.0
267.0 196.0 5.0
257.0 211.0 7.0
269.0 169.0 8.0
260.0 169.0 6.0
262.0 162.0 8.0
256.0 441.0 8.0
275.0 492.0 9.0
280.0 468.0 5.0
77.0 613.0 8.0
7.0 588.0 20.0
8.0 607.0 6.0
6.0 548.0 13.0
98.0 464.0 7.0
205.0 414.0 8.0
214.0 397.0 6.0
225.0 423.0 7.0
228.0 420.0 7.0
249.0 283.0 7.0
233.0 304.0 6.0
244.0 335.0 6.0
167.0 229.0 7.0
180.0 220.0 6.0
61.0 137.0 6.0
64.0 125.0 5.0
59.0 101.0 6.0
58.0 6.0 7.0
45.0 15.0 5.0
435.0 96.0 7.0
310.0 407.0 5.0
332.0 455.0 7.0
150.0 553.0 5.0
55.0 519.0 7.0
204.0 529.0 8.0
211.0 526.0 7.0
362.0 391.0 5.0
355.0 391.0 5.0
393.0 558.0 10.0
394.0 608.0 9.0
392.0 624.0 7.0
371.0 600.0 7.0
324.0 588.0 9.0
313.0 587.0 5.0
313.0 577.0 6.0
395.0 637.0 12.0
476.0 212.0 20.0
3.0 399.0 13.0
12.0 336.0 45.0
-1.0 295.0 19.0
11.0 142.0 20.0
291.0 2.0 8.0
262.0 4.0 6.0
