442.8 383.2 8.5
441.1 72.9 8.5
362.7 466.2 8.1
330.8 177.2 8.5
282.7 285.3 8.1
205.0 551.0 7.7
135.5 541.2 8.5
37.0 209.0 8.5
448.5 347.5 8.5
408.5 403.5 9.2
402.5 541.5 8.5
400.8 70.3 8.9
394.5 525.5 8.5
392.8 157.2 8.8
375.8 547.3 8.8
372.5 475.5 8.5
364.0 158.0 10.3
358.7 366.7 8.7
334.5 357.5 8.5
320.5 407.5 8.5
316.5 293.5 8.5
308.5 439.5 8.5
306.5 155.5 8.5
294.5 415.5 8.5
284.5 253.5 8.5
282.7 169.3 9.2
242.5 21.5 8.5
228.7 443.3 9.2
220.6 425.8 19.9
215.2 192.8 11.5
214.5 567.5 9.6
208.5 203.5 8.5
208.5 411.5 8.5
206.7 263.3 9.2
202.5 481.5 8.5
200.1 467.9 10.2
182.5 19.5 8.5
172.5 351.5 8.5
156.5 539.5 8.5
154.5 477.5 8.5
131.9 581.3 12.5
125.8 327.3 8.8
124.5 375.0 9.6
117.3 301.7 10.0
116.5 289.5 8.5
112.5 377.5 8.5
110.5 75.5 9.2
108.0 549.5 9.6
79.0 30.0 10.4
51.5 167.5 8.5
50.5 79.5 8.5
44.7 201.3 9.2
44.7 235.3 9.2
42.7 578.7 8.7
34.5 127.5 8.5
8.5 229.5 8.5
328.6 431.0 10.5
193.8 7.5 10.0
173.0 481.0 9.2
161.5 220.5 10.0
147.5 307.0 10.8
145.0 237.0 9.2
103.8 181.5 10.0
81.0 377.0 9.2
72.6 528.6 11.1
60.8 153.2 9.6
45.0 603.0 9.2
15.0 241.0 9.2
464.5 133.5 11.3
373.7 69.2 11.2
308.5 467.5 10.0
304.0 127.3 10.8
265.2 20.0 12.0
250.8 619.8 10.5
222.0 129.5 11.5
188.2 539.8 10.4
175.9 157.6 11.0
172.0 304.7 10.8
63.7 603.2 11.2
62.2 617.8 10.4
54.5 15.5 10.0
40.0 118.0 10.8
36.6 310.9 29.6
8.0 320.0 10.8
474.7 174.2 11.2
446.0 242.0 10.8
432.0 24.0 10.8
427.7 66.3 11.2
427.6 402.9 12.2
388.5 473.5 11.5
313.5 182.5 11.5
300.2 221.2 11.5
289.8 512.2 11.2
270.5 231.1 12.5
231.3 623.3 11.3
223.8 174.2 12.1
211.0 58.6 28.0
171.8 538.2 11.2
141.8 604.2 11.2
116.0 114.0 10.8
72.5 96.5 11.5
13.9 366.7 12.4
414.1 595.3 35.6
395.5 362.5 11.5
380.8 55.8 13.1
340.2 284.5 12.6
303.2 204.8 11.9
293.3 122.7 11.9
271.6 338.9 12.9
269.5 630.5 11.5
221.8 316.2 12.7
213.5 268.5 11.5
117.1 8.4 12.9
97.8 90.8 13.1
91.1 282.9 13.7
79.2 55.7 11.9
61.1 492.4 12.9
57.5 270.5 11.5
49.2 208.8 11.9
11.1 171.4 13.7
408.5 176.5 13.1
189.5 344.5 15.0
189.0 507.0 12.3
159.5 349.5 13.1
472.5 560.5 14.6
469.5 81.5 14.6
464.5 619.5 14.6
404.5 565.5 14.6
355.8 280.2 15.4
300.0 424.0 13.8
262.0 410.7 14.9
229.3 282.0 14.9
189.5 318.5 14.6
168.0 382.0 13.8
163.3 254.0 14.9
152.0 582.0 13.8
145.5 549.5 14.6
138.3 224.3 15.4
134.0 488.0 16.4
132.0 304.0 13.8
95.3 54.0 14.9
70.0 376.0 13.8
52.0 184.7 14.9
38.0 148.0 13.8
14.0 24.0 13.8
461.8 422.7 16.9
407.3 131.0 17.6
353.0 541.0 15.4
313.3 216.3 16.9
309.0 418.0 15.4
295.3 436.0 15.9
219.0 517.0 15.4
211.5 364.5 16.2
211.5 497.5 16.1
185.3 266.0 15.9
134.5 469.5 16.2
56.5 52.8 17.4
424.7 211.3 17.7
389.4 493.1 18.9
271.2 363.8 18.7
251.4 304.3 19.6
174.0 258.0 17.7
139.0 294.0 17.7
98.0 488.7 17.9
63.3 476.0 18.0
26.0 588.0 17.7
449.2 583.2 20.8
436.0 332.0 18.5
352.0 312.0 18.5
340.9 159.1 19.6
301.9 306.3 21.0
252.9 226.1 20.2
235.7 149.7 20.0
117.8 89.2 19.6
110.0 28.5 20.8
102.0 472.0 18.5
72.9 174.0 22.6
60.4 291.6 20.2
57.0 78.0 18.5
469.0 586.1 21.8
433.7 53.3 23.3
424.8 556.5 22.3
408.3 468.6 23.1
380.5 9.5 20.8
368.8 522.0 22.2
258.0 160.0 23.1
212.7 144.7 21.5
179.0 36.1 21.8
158.1 204.1 23.7
139.8 97.8 23.1
15.0 475.0 23.1
465.3 243.3 26.4
420.3 350.8 24.2
393.2 144.8 24.2
388.1 285.9 24.1
336.0 211.6 24.0
317.9 608.6 24.9
311.2 166.8 24.2
264.7 623.6 24.4
177.5 189.3 25.6
165.6 366.0 24.0
142.3 352.8 24.2
126.2 261.8 23.8
122.7 610.1 25.9
119.0 499.0 23.1
83.7 70.7 24.5
43.3 151.3 24.6
455.5 460.8 27.4
390.7 256.4 27.1
297.5 557.8 27.4
267.6 568.1 27.3
204.1 527.9 27.2
144.8 159.5 26.4
376.5 74.8 30.5
347.5 447.5 30.0
312.4 378.4 32.0
287.5 347.5 30.0
283.7 137.1 32.2
231.6 471.3 30.9
203.7 298.3 30.9
123.5 189.3 30.8
97.0 99.0 30.8
90.5 399.0 28.5
460.2 201.1 32.8
443.1 266.9 34.8
365.8 569.0 36.7
363.5 232.2 36.0
331.0 541.4 33.8
297.5 610.5 34.1
278.5 397.5 31.5
254.5 39.5 31.5
256.0 267.2 35.7
247.9 595.7 33.9
248.1 342.7 34.6
189.4 397.1 35.8
164.9 277.9 35.4
162.1 326.9 33.0
149.8 125.4 33.8
91.7 432.0 32.8
18.5 609.5 31.5
419.0 378.0 40.2
417.8 235.2 38.4
321.0 331.6 39.6
277.7 299.7 37.9
224.0 231.6 37.2
199.0 116.0 35.4
185.0 562.0 35.4
175.0 603.0 35.4
102.5 346.5 36.6
102.1 518.9 38.6
83.0 315.0 35.4
77.1 23.2 37.3
70.9 139.1 36.1
32.0 484.0 35.4
425.6 434.2 42.0
424.1 306.0 44.5
372.7 333.7 41.5
349.4 121.8 43.2
282.6 49.7 41.4
263.6 442.0 42.5
207.5 593.1 41.4
186.5 240.5 39.2
153.0 44.5 42.4
110.2 149.5 41.0
50.0 447.0 41.5
38.0 262.3 41.9
39.2 352.5 42.3
37.1 405.8 40.8
443.5 403.5 43.8
401.8 38.1 46.8
355.5 396.6 47.9
344.6 29.9 47.8
269.3 194.4 47.0
243.6 384.5 45.8
232.9 96.4 45.4
213.6 174.4 48.0
172.9 84.4 45.9
170.9 452.1 43.8
159.9 508.5 46.5
77.5 570.4 49.7
447.7 158.6 51.0
391.0 441.0 49.2
370.5 191.8 52.1
357.0 611.0 49.2
330.5 488.5 55.7
321.9 250.1 51.7
254.2 514.8 52.9
447.9 507.2 58.6
430.8 106.4 58.4
312.4 88.8 58.5
136.4 411.9 59.3
85.9 220.2 59.9
226.0 315.0 47.0
278.0 238.0 42.0
327.0 196.0 6.0
308.0 195.0 37.0
372.0 150.0 14.0
376.0 143.0 57.0
387.0 93.0 8.0
284.0 6.0 21.0
312.0 526.0 10.0
340.0 567.0 20.0
305.0 555.0 69.0
273.0 549.0 10.0
289.0 485.0 20.0
295.0 470.0 9.0
333.0 360.0 40.0
366.0 298.0 12.0
417.0 264.0 14.0
435.0 460.0 16.0
397.0 550.0 10.0
392.0 556.0 7.0
418.0 555.0 58.0
142.0 547.0 38.0
120.0 593.0 45.0
89.0 624.0 35.0
27.0 538.0 65.0
70.0 496.0 31.0
95.0 461.0 34.0
117.0 456.0 9.0
122.0 448.0 6.0
114.0 448.0 9.0
71.0 351.0 15.0
94.0 285.0 43.0
137.0 323.0 25.0
28.0 136.0 54.0
19.0 65.0 47.0
46.0 590.0 9.0
36.0 596.0 8.0
181.0 360.0 6.0
196.0 339.0 29.0
232.0 424.0 31.0
417.0 151.0 10.0
467.0 38.0 42.0
475.0 353.0 39.0
441.0 635.0 41.0
242.0 564.0 43.0
315.0 400.0 28.0
321.0 430.0 26.0
344.0 296.0 6.0
169.0 143.0 41.0
264.0 78.0 25.0
134.0 84.0 46.0
5.0 206.0 33.0
25.0 237.0 10.0
73.0 391.0 39.0
68.0 606.0 36.0
274.0 100.0 45.0
241.0 248.0 39.0
429.0 540.0 5.0
385.0 575.0 10.0
212.0 458.0 31.0
108.0 54.0 9.0
115.0 33.0 31.0
22.0 156.0 11.0
61.0 360.0 48.0
406.0 278.0 17.0
477.0 269.0 15.0
405.0 493.0 48.0
370.0 266.0 23.0
419.0 204.0 12.0
325.0 125.0 12.0
112.0 123.0 34.0
50.0 59.0 36.0
385.0 411.0 6.0
12.0 500.0 6.0
34.0 503.0 6.0
159.0 633.0 33.0
125.0 356.0 38.0
169.0 301.0 32.0
75.0 116.0 6.0
30.0 18.0 6.0
32.0 -2.0 61.0
40.0 39.0 8.0
111.0 30.0 8.0
156.0 -2.0 45.0
221.0 5.0 47.0
233.0 4.0 8.0
250.0 4.0 23.0
311.0 -1.0 23.0
304.0 25.0 13.0
302.0 13.0 6.0
280.0 21.0 8.0
375.0 102.0 5.0
375.0 108.0 5.0
447.0 69.0 32.0
480.0 105.0 25.0
467.0 243.0 7.0
461.0 245.0 6.0
315.0 302.0 37.0
469.0 543.0 8.0
468.0 549.0 29.0
475.0 612.0 5.0
410.0 626.0 50.0
72.0 388.0 13.0
72.0 403.0 5.0
51.0 450.0 15.0
36.0 453.0 7.0
42.0 451.0 5.0
187.0 484.0 43.0
136.0 214.0 45.0
210.0 85.0 10.0
262.0 315.0 8.0
283.0 323.0 6.0
329.0 365.0 9.0
337.0 367.0 5.0
202.0 505.0 10.0
185.0 528.0 7.0
186.0 558.0 9.0
173.0 605.0 6.0
227.0 636.0 8.0
46.0 638.0 24.0
9.0 638.0 15.0
387.0 311.0 64.0
219.0 641.0 46.0
321.0 637.0 12.0
477.0 399.0 8.0
478.0 382.0 10.0
462.0 283.0 5.0
482.0 300.0 40.0
48.0 66.0 7.0
3.0 493.0 15.0
6.0 580.0 8.0
158.0 180.0 5.0
164.0 232.0 5.0
236.0 126.0 7.0
265.0 146.0 8.0
301.0 149.0 6.0
306.0 148.0 9.0
217.0 34.0 6.0
37.0 133.0 6.0
20.0 328.0 5.0
110.0 540.0 7.0
118.0 588.0 6.0
112.0 592.0 5.0
210.0 390.0 35.0
286.0 415.0 6.0
185.0 517.0 6.0
