456.8 79.2 8.8
409.0 107.0 7.7
372.8 335.2 8.5
175.0 503.0 7.7
162.7 192.7 8.2
133.3 561.3 8.2
101.2 85.3 8.5
51.0 93.0 7.7
474.5 385.5 8.5
460.5 479.5 8.5
402.7 567.3 9.2
394.5 123.5 8.5
284.3 350.8 9.6
274.7 115.3 9.2
220.5 106.5 9.5
192.5 244.2 10.3
117.4 237.4 9.2
80.5 629.5 8.5
63.0 9.7 9.7
34.7 305.3 8.8
451.0 367.0 9.2
441.6 114.7 11.4
413.2 614.2 10.0
355.0 55.0 9.2
249.0 613.0 9.2
138.5 136.8 10.0
124.5 348.3 10.6
51.1 567.5 10.9
13.0 146.0 9.2
461.5 41.1 11.5
322.0 192.0 10.8
231.0 461.0 11.3
134.0 320.0 10.8
83.7 504.3 11.2
78.5 91.5 10.0
37.0 203.0 10.8
36.4 347.3 11.9
447.3 12.3 12.5
440.0 576.0 10.8
355.5 328.5 11.5
356.9 444.3 12.5
338.8 256.5 11.5
317.7 545.2 11.2
312.2 333.2 11.5
256.0 71.6 12.0
211.8 193.8 11.7
194.0 10.0 10.8
180.5 552.5 11.5
112.8 299.8 11.5
73.5 516.9 12.1
43.8 13.5 12.0
25.5 579.5 11.5
469.9 282.6 12.5
357.1 558.9 13.2
278.2 190.5 12.6
176.3 38.8 11.9
169.5 82.5 12.6
137.3 334.7 11.9
119.2 204.2 12.0
116.3 286.8 11.9
45.5 372.5 11.5
343.0 325.8 14.1
201.0 262.0 13.8
57.5 135.5 13.1
54.5 471.5 13.1
17.0 473.0 12.3
446.0 442.0 15.4
398.6 292.6 16.0
352.2 251.4 14.8
263.8 515.4 14.8
244.0 202.5 15.4
200.0 555.7 16.8
198.5 183.5 14.6
179.0 250.0 13.8
174.5 23.5 14.6
61.0 44.0 14.6
463.2 116.5 17.4
381.0 452.3 16.4
374.5 612.5 16.2
362.0 265.0 15.4
334.4 339.7 17.4
328.5 557.5 16.1
315.7 611.0 16.7
261.0 207.0 15.4
199.6 490.8 16.3
162.0 498.7 15.9
137.3 576.8 16.9
410.0 173.3 18.0
375.0 306.0 17.7
365.0 400.0 16.9
276.0 467.0 17.7
242.0 304.7 18.0
216.0 228.0 17.7
186.6 85.9 18.7
111.3 380.0 18.0
107.7 27.0 19.6
100.4 244.0 18.2
38.0 152.0 16.9
21.5 162.5 18.1
455.7 56.3 20.0
427.1 122.6 19.8
401.7 367.7 20.0
391.3 435.8 19.6
337.3 95.0 21.0
298.9 243.1 19.6
234.4 59.2 20.3
232.9 80.4 21.1
159.3 570.8 19.6
146.3 309.7 19.6
99.5 289.5 20.8
25.9 266.4 21.2
15.7 610.0 21.5
438.8 34.1 23.1
416.1 317.7 23.5
404.9 147.9 22.6
379.6 282.1 21.8
359.5 83.4 23.3
307.0 161.8 23.1
306.8 561.7 23.4
239.1 101.9 22.5
239.7 221.9 22.6
235.4 354.4 22.1
207.8 470.7 22.6
174.1 611.9 23.5
157.8 142.6 23.1
124.7 13.2 21.9
90.4 551.6 22.5
80.4 235.3 22.6
80.1 40.1 22.5
64.8 453.6 22.2
19.5 365.5 20.8
420.9 477.7 27.0
403.3 341.1 25.5
368.1 207.9 24.1
366.7 321.7 24.6
324.5 373.1 24.5
305.7 317.4 23.7
227.4 153.4 25.8
208.2 73.4 24.9
199.7 162.9 24.8
186.9 222.6 24.8
174.1 155.9 24.1
123.8 129.8 23.8
121.8 593.1 24.1
112.1 565.9 24.1
58.5 223.1 24.5
38.0 622.2 26.3
31.4 538.2 26.0
467.2 258.8 26.4
376.8 417.8 25.4
317.5 48.5 26.9
301.1 534.5 28.8
282.4 222.6 29.1
229.5 554.0 25.4
212.9 367.1 27.2
95.5 213.5 26.4
82.9 74.0 28.7
70.7 309.6 29.6
18.9 21.6 29.6
452.9 325.2 30.0
444.3 501.3 29.7
432.2 349.3 30.0
415.2 270.1 30.8
356.5 300.5 28.5
162.2 430.5 32.0
144.8 392.4 31.1
448.3 287.3 33.1
439.7 244.8 34.5
412.8 509.8 32.7
385.1 246.8 33.7
380.1 103.4 33.7
241.4 383.0 33.1
160.3 107.8 31.5
51.2 506.8 31.5
24.1 394.9 34.7
448.0 547.1 36.7
442.5 587.5 41.1
262.6 414.2 38.8
251.4 178.3 37.2
246.8 476.7 36.7
182.6 398.1 36.9
183.2 470.7 37.3
166.9 360.0 37.1
152.2 213.6 38.5
114.2 323.2 37.3
115.2 521.2 39.4
459.7 205.9 39.2
325.3 135.3 41.5
293.0 100.5 42.1
266.5 507.5 39.2
218.5 20.5 39.2
75.3 270.0 40.8
457.5 158.5 43.8
385.9 473.5 48.5
372.9 529.8 47.2
271.2 554.8 43.8
259.6 134.1 48.7
216.6 520.2 48.4
181.5 50.5 43.8
86.2 485.8 44.9
60.7 186.9 48.0
420.6 81.1 53.0
410.8 207.2 53.1
380.5 581.3 53.7
364.7 168.2 55.2
333.0 579.0 49.2
318.9 277.7 52.2
286.3 604.1 50.8
275.0 318.0 49.2
231.3 591.3 54.9
217.0 433.0 56.1
163.4 534.8 53.4
136.8 476.8 49.2
84.0 592.2 49.2
76.3 346.3 54.7
31.2 444.4 51.7
365.6 363.9 58.5
328.8 219.2 55.9
259.9 257.8 56.5
131.1 64.7 55.9
119.4 173.5 60.4
86.0 117.1 55.4
324.1 494.2 66.1
276.8 51.2 62.3
428.6 403.3 76.8
320.9 418.8 70.9
206.6 316.7 70.6
144.2 269.8 70.0
93.7 417.6 74.5
449.0 0.0 8.0
386.0 73.0 8.0
396.0 124.0 49.0
426.0 170.0 46.0
430.0 180.0 5.0
464.0 85.0 26.0
471.0 45.0 37.0
472.0 24.0 24.0
476.0 304.0 25.0
472.0 353.0 30.0
490.0 444.0 59.0
490.0 528.0 52.0
472.0 607.0 33.0
465.0 644.0 34.0
426.0 634.0 40.0
359.0 643.0 68.0
312.0 632.0 24.0
273.0 640.0 34.0
224.0 641.0 41.0
138.0 634.0 73.0
66.0 637.0 25.0
44.0 620.0 50.0
31.0 575.0 35.0
3.0 655.0 64.0
0.0 583.0 30.0
-3.0 524.0 23.0
3.0 481.0 20.0
17.0 504.0 60.0
6.0 354.0 7.0
37.0 299.0 54.0
29.0 281.0 8.0
27.0 235.0 61.0
36.0 144.0 53.0
36.0 70.0 74.0
24.0 114.0 7.0
6.0 122.0 7.0
3.0 177.0 13.0
112.0 5.0 53.0
153.0 7.0 40.0
275.0 7.0 33.0
309.0 0.0 29.0
370.0 12.0 108.0
333.0 93.0 57.0
298.0 173.0 52.0
201.0 124.0 64.0
189.0 190.0 45.0
238.0 203.0 41.0
205.0 238.0 33.0
163.0 340.0 9.0
310.0 356.0 40.0
271.0 364.0 29.0
406.0 316.0 49.0
331.0 390.0 11.0
178.0 580.0 38.0
69.0 540.0 51.0
415.0 549.0 49.0
406.0 612.0 38.0
140.0 352.0 37.0
374.0 126.0 5.0
