383.4 358.6 8.3
315.3 221.3 8.2
287.0 77.0 7.7
234.8 182.8 8.5
212.9 591.1 9.4
201.1 95.3 8.8
171.8 460.2 8.1
106.9 627.4 9.1
74.8 223.2 8.8
45.0 173.0 7.7
16.7 230.9 8.8
472.0 553.3 10.6
449.1 96.9 9.0
428.5 127.5 8.5
410.5 219.5 8.5
339.1 129.3 12.3
334.7 532.2 8.8
332.7 287.3 8.8
310.3 40.6 9.5
302.7 17.3 9.2
290.5 399.5 8.5
276.5 119.5 8.5
276.3 317.7 10.0
210.5 575.0 9.6
202.5 177.5 8.5
179.9 86.1 10.6
170.5 3.5 8.5
128.7 417.7 9.2
104.5 17.5 8.5
90.3 432.4 9.4
76.5 105.5 9.2
70.5 325.5 8.5
67.3 403.7 9.9
60.5 589.5 8.5
32.0 438.3 9.0
32.5 479.5 8.5
30.8 125.2 8.8
24.5 211.5 8.5
341.2 495.3 10.4
326.0 476.5 10.8
307.1 92.5 10.9
288.5 124.8 11.0
110.1 71.2 11.6
81.0 211.7 10.3
67.4 218.6 10.6
29.0 319.0 10.3
17.1 271.4 10.9
408.1 573.9 11.8
357.3 429.5 13.5
204.0 24.0 10.8
72.1 189.4 12.0
268.0 468.0 10.8
181.9 628.8 13.6
157.4 455.4 13.8
147.9 396.9 12.2
99.9 444.5 12.1
98.0 410.0 10.8
423.1 240.4 12.9
295.4 85.8 13.9
241.9 286.9 13.4
145.6 100.7 12.9
472.4 91.9 14.8
296.4 302.8 15.1
73.0 439.0 15.1
426.0 566.0 13.8
252.3 401.0 16.8
191.6 105.1 16.6
109.2 144.7 16.5
96.5 563.5 16.5
10.5 371.5 14.6
71.0 421.5 17.6
435.4 494.6 19.8
230.6 614.4 20.5
83.8 404.1 18.9
230.5 430.5 22.2
420.8 384.8 24.9
458.5 575.3 28.7
381.7 552.7 30.2
106.3 291.4 26.9
106.4 327.4 25.9
160.1 503.5 29.0
384.5 437.6 35.5
377.7 258.5 32.7
129.0 24.7 33.9
240.9 207.7 40.9
155.0 572.7 39.9
263.7 347.3 51.4
228.8 61.3 56.9
353.9 70.7 86.2
455.0 197.0 7.0
413.0 254.0 10.0
418.0 223.0 8.0
315.0 346.0 8.0
446.0 600.0 8.0
395.0 636.0 8.0
335.0 617.0 16.0
326.0 528.0 8.0
302.0 530.0 6.0
297.0 530.0 8.0
227.0 592.0 7.0
143.0 633.0 14.0
158.0 638.0 10.0
44.0 326.0 8.0
171.0 454.0 8.0
8.0 567.0 8.0
95.0 239.0 8.0
97.0 24.0 9.0
188.0 126.0 8.0
250.0 145.0 8.0
258.0 148.0 6.0
258.0 139.0 7.0
280.0 102.0 6.0
282.0 95.0 6.0
195.0 15.0 8.0
223.0 23.0 6.0
239.0 262.0 8.0
230.0 265.0 6.0
176.0 267.0 101.0
184.0 326.0 8.0
302.0 159.0 7.0
97.0 623.0 8.0
100.0 615.0 7.0
72.0 618.0 8.0
60.0 627.0 9.0
468.0 268.0 7.0
459.0 262.0 7.0
140.0 152.0 8.0
84.0 632.0 20.0
480.0 606.0 38.0
475.0 12.0 22.0
3.0 243.0 20.0
3.0 226.0 12.0
