471.1 169.3 8.8
441.8 180.2 8.1
434.8 543.2 8.5
400.8 500.0 8.9
334.9 161.9 8.5
257.0 513.0 8.5
232.8 471.2 8.5
225.3 161.3 8.5
192.3 604.9 9.3
160.2 599.2 7.9
150.8 87.2 8.5
136.4 605.1 8.7
129.0 539.0 7.7
374.5 129.5 8.5
364.5 175.5 8.5
336.5 473.5 8.5
267.1 14.1 10.6
238.6 622.9 9.0
235.2 250.7 8.8
234.5 187.5 8.5
206.7 596.2 8.8
164.5 538.5 8.5
120.5 575.5 8.5
94.6 46.6 9.2
62.5 5.5 8.5
46.5 7.5 8.5
16.5 377.5 8.5
368.9 385.5 10.6
169.7 502.5 11.1
68.7 165.3 10.8
201.9 313.9 12.1
174.8 302.0 14.4
376.1 88.0 17.9
320.1 262.6 43.4
76.0 323.5 15.4
279.8 302.6 16.0
77.8 51.2 18.0
65.0 493.0 15.4
450.0 8.0 16.9
155.3 184.7 21.5
428.6 89.7 31.5
255.8 466.2 38.9
394.5 475.7 36.8
325.5 186.6 37.1
314.5 459.8 31.5
158.2 372.0 32.6
268.5 273.4 37.2
172.4 600.2 42.2
175.1 493.6 39.3
430.9 548.1 48.5
261.4 154.7 50.2
94.1 380.0 54.4
376.4 306.9 58.4
293.2 376.0 60.1
296.0 427.0 55.4
239.5 84.6 59.9
394.7 215.9 81.9
228.7 367.1 75.9
86.6 218.3 75.6
119.1 461.3 79.1
58.6 589.5 82.9
158.2 141.2 101.2
131.9 298.6 91.8
330.6 79.4 99.3
186.0 81.0 91.0
42.0 276.0 126.0
6.0 335.0 54.0
-18.0 479.0 221.0
292.0 533.0 169.0
349.0 639.0 85.0
510.0 405.0 228.0
470.0 445.0 45.0
476.0 232.0 54.0
392.0 18.0 120.0
263.0 12.0 88.0
136.0 -10.0 106.0
30.0 73.0 14.0
-9.0 99.0 187.0
8.0 198.0 9.0
19.0 263.0 12.0
29.0 305.0 8.0
16.0 544.0 7.0
275.0 530.0 10.0
296.0 499.0 11.0
299.0 531.0 8.0
313.0 563.0 8.0
337.0 565.0 6.0
351.0 542.0 10.0
369.0 152.0 13.0
483.0 90.0 44.0
125.0 529.0 8.0
144.0 527.0 6.0
209.0 543.0 54.0
266.0 622.0 84.0
227.0 513.0 11.0
414.0 34.0 11.0
392.0 14.0 11.0
187.0 90.0 14.0
198.0 419.0 9.0
193.0 276.0 8.0
290.0 281.0 9.0
321.0 260.0 17.0
393.0 232.0 7.0
234.0 455.0 8.0
330.0 480.0 6.0
