471.8 75.3 8.1
470.7 351.3 8.8
448.8 549.2 8.5
435.7 559.2 8.1
431.3 267.2 8.5
428.6 565.9 9.6
422.7 483.3 8.1
420.2 530.8 8.5
388.9 150.1 8.3
386.8 547.2 8.5
369.3 111.3 8.2
364.8 513.2 8.5
352.8 85.2 8.5
353.0 269.0 7.7
352.5 465.2 9.5
348.7 235.3 8.1
348.7 308.2 8.1
342.6 593.4 9.2
340.8 387.2 8.5
338.7 495.3 8.1
336.7 183.3 8.1
313.3 571.3 8.2
307.8 328.2 8.1
304.7 496.7 8.2
303.8 227.3 8.1
303.9 407.1 8.7
276.7 240.2 8.1
277.0 578.7 8.7
257.0 357.0 7.7
255.0 181.0 7.7
246.8 247.2 8.5
232.8 67.0 10.4
225.8 535.3 8.1
205.9 558.4 8.8
203.3 85.3 8.5
202.7 523.3 8.1
200.9 565.6 8.3
166.7 129.3 8.1
158.7 397.3 8.1
96.6 282.8 9.4
80.3 454.7 8.5
68.8 369.2 8.5
63.5 595.2 8.5
58.8 527.2 8.5
12.7 515.3 8.1
474.3 463.4 10.8
464.5 341.5 8.5
446.1 185.9 10.2
445.1 43.4 10.5
438.5 33.5 9.6
431.3 51.3 8.7
430.7 105.7 9.2
418.5 53.5 8.5
408.5 376.5 8.5
402.5 317.5 8.5
400.5 497.0 9.6
397.3 145.3 8.7
391.6 557.9 9.7
382.7 27.3 8.8
374.7 172.0 9.2
368.4 101.0 10.3
366.7 63.3 9.2
366.5 83.5 8.5
362.5 625.5 8.5
360.7 169.3 8.8
354.5 95.5 8.5
351.5 607.5 8.5
350.5 113.5 8.5
346.5 263.5 9.2
336.5 263.5 9.6
330.0 61.3 9.2
330.5 511.5 8.5
326.7 127.3 9.2
320.3 296.1 10.0
314.5 271.5 9.6
298.5 79.5 8.5
292.5 573.5 9.6
285.9 21.1 9.8
284.5 519.5 8.5
282.5 107.5 8.5
282.7 437.5 10.8
276.6 458.3 10.5
276.5 559.5 8.5
260.7 103.3 9.2
252.7 425.3 8.8
250.5 273.5 8.5
238.8 78.3 8.8
236.5 581.5 8.5
234.5 179.5 8.5
228.0 307.5 9.6
225.6 35.3 10.3
170.7 275.7 9.2
170.7 355.3 8.8
166.5 347.5 8.5
158.3 233.3 9.2
146.8 583.2 8.9
128.5 47.5 8.5
122.5 307.5 8.5
118.5 67.5 8.5
118.5 329.5 9.2
108.7 373.3 8.8
106.1 235.9 10.2
106.7 383.3 9.2
100.8 279.2 8.9
90.5 330.5 8.5
78.3 235.7 10.6
72.5 393.5 8.5
66.4 421.4 10.6
42.5 319.5 9.6
36.3 532.3 11.0
36.5 567.5 9.6
22.0 601.3 9.2
9.8 287.3 8.8
208.7 446.6 11.6
201.6 489.3 11.7
59.5 567.5 10.0
403.0 176.0 11.9
390.5 492.3 11.2
371.3 88.0 10.8
332.2 584.0 11.6
297.2 391.5 12.1
270.5 252.1 11.8
165.7 323.7 10.3
138.4 617.9 11.5
98.5 462.3 11.2
388.8 362.4 12.0
279.5 28.5 11.5
273.9 360.5 12.2
244.3 496.3 12.3
217.9 590.5 12.2
116.7 289.8 12.7
101.5 106.1 12.2
429.6 164.1 14.4
313.5 405.3 13.4
161.7 408.8 13.6
79.4 72.6 13.3
194.8 51.2 13.8
174.9 416.9 14.9
125.2 350.8 13.8
457.7 280.3 16.2
326.3 398.0 15.6
286.0 398.8 15.1
222.0 103.3 16.8
214.6 538.8 16.8
185.8 346.2 15.4
106.0 327.2 15.7
465.5 131.3 18.6
464.1 203.1 18.9
417.0 278.5 17.1
304.0 67.0 16.9
236.9 536.9 18.0
209.6 577.2 17.9
128.9 410.7 18.3
75.4 566.6 17.2
414.0 307.0 19.7
383.8 610.6 19.1
297.4 484.6 18.9
130.5 535.7 20.6
63.6 579.9 18.6
413.7 214.6 23.7
372.4 496.4 23.1
260.4 469.4 24.1
393.9 515.6 24.8
68.8 105.9 52.9
105.0 75.0 9.0
71.0 12.0 7.0
57.0 25.0 7.0
133.0 80.0 7.0
170.0 84.0 7.0
220.0 67.0 7.0
255.0 117.0 6.0
275.0 22.0 5.0
235.0 22.0 5.0
396.0 87.0 7.0
403.0 93.0 8.0
395.0 95.0 6.0
378.0 101.0 7.0
385.0 112.0 6.0
437.0 44.0 7.0
432.0 24.0 7.0
428.0 35.0 7.0
427.0 29.0 6.0
431.0 73.0 6.0
452.0 54.0 7.0
453.0 101.0 6.0
421.0 256.0 7.0
415.0 255.0 5.0
428.0 230.0 9.0
389.0 234.0 7.0
383.0 239.0 7.0
364.0 199.0 8.0
238.0 408.0 5.0
214.0 431.0 6.0
230.0 427.0 7.0
248.0 457.0 9.0
265.0 486.0 9.0
275.0 483.0 8.0
280.0 484.0 6.0
315.0 501.0 7.0
303.0 516.0 6.0
384.0 582.0 7.0
377.0 517.0 7.0
387.0 535.0 6.0
438.0 416.0 8.0
430.0 401.0 8.0
438.0 521.0 7.0
428.0 542.0 8.0
444.0 597.0 7.0
465.0 562.0 6.0
447.0 561.0 5.0
408.0 580.0 7.0
411.0 587.0 6.0
408.0 573.0 7.0
431.0 485.0 7.0
254.0 207.0 8.0
230.0 208.0 7.0
66.0 201.0 9.0
71.0 167.0 8.0
75.0 160.0 6.0
59.0 159.0 6.0
10.0 52.0 15.0
138.0 60.0 5.0
203.0 43.0 8.0
199.0 81.0 6.0
211.0 105.0 7.0
371.0 57.0 8.0
350.0 140.0 11.0
354.0 147.0 6.0
293.0 161.0 8.0
228.0 260.0 9.0
202.0 258.0 9.0
146.0 337.0 8.0
160.0 366.0 8.0
162.0 286.0 7.0
140.0 266.0 8.0
39.0 298.0 7.0
29.0 299.0 7.0
25.0 331.0 6.0
24.0 527.0 8.0
26.0 518.0 8.0
18.0 524.0 9.0
5.0 527.0 5.0
24.0 561.0 7.0
29.0 548.0 7.0
80.0 617.0 8.0
419.0 194.0 7.0
438.0 172.0 10.0
464.0 67.0 9.0
475.0 92.0 9.0
334.0 375.0 8.0
333.0 358.0 5.0
215.0 500.0 7.0
154.0 569.0 7.0
149.0 557.0 7.0
135.0 553.0 5.0
160.0 556.0 8.0
232.0 567.0 8.0
265.0 529.0 7.0
265.0 547.0 7.0
338.0 245.0 9.0
323.0 269.0 8.0
329.0 303.0 8.0
318.0 312.0 6.0
277.0 260.0 5.0
256.0 260.0 8.0
201.0 225.0 6.0
402.0 262.0 9.0
396.0 327.0 7.0
423.0 344.0 8.0
425.0 362.0 7.0
429.0 369.0 5.0
475.0 318.0 6.0
445.0 525.0 8.0
196.0 352.0 8.0
206.0 367.0 8.0
91.0 305.0 5.0
40.0 261.0 6.0
55.0 265.0 5.0
70.0 258.0 6.0
63.0 247.0 5.0
7.0 204.0 9.0
21.0 248.0 6.0
21.0 275.0 5.0
21.0 285.0 7.0
21.0 293.0 7.0
8.0 320.0 5.0
12.0 377.0 8.0
20.0 390.0 6.0
50.0 437.0 7.0
12.0 477.0 7.0
38.0 604.0 7.0
71.0 625.0 7.0
89.0 634.0 5.0
95.0 634.0 7.0
124.0 626.0 7.0
