467.3 580.7 6.5
457.2 451.8 6.9
447.5 574.5 6.7
445.2 258.8 7.4
441.5 254.5 5.7
439.7 260.3 6.4
437.2 162.8 7.0
435.8 596.6 7.6
433.7 418.3 6.2
433.7 570.3 6.8
423.5 566.5 5.7
421.5 430.5 6.3
419.8 236.8 6.8
415.3 158.7 6.7
397.9 342.9 6.7
397.5 428.5 6.3
393.8 310.2 6.8
391.5 390.5 6.7
369.7 172.3 6.8
345.5 552.5 5.7
339.5 12.5 7.0
339.2 364.2 6.8
337.1 601.9 6.6
305.3 280.7 6.7
295.5 276.5 5.7
293.7 308.3 6.8
287.5 414.5 6.3
282.0 543.1 7.0
277.4 372.6 7.1
275.5 554.5 5.7
261.9 164.6 7.1
259.7 337.0 6.4
257.3 354.7 6.5
252.9 494.1 7.0
252.9 499.9 6.8
253.7 524.6 7.2
247.8 458.8 6.8
241.5 358.5 6.3
224.0 215.0 6.7
209.5 342.5 5.7
203.3 542.3 6.9
192.0 243.3 6.2
189.3 544.7 6.7
185.0 426.0 6.0
183.2 617.9 7.2
159.6 286.7 7.6
159.3 584.7 6.7
155.4 278.6 6.8
141.5 444.5 7.3
139.3 370.7 6.5
135.8 457.0 6.8
129.5 354.5 5.7
125.0 383.0 6.8
109.8 520.8 6.3
93.2 522.8 6.3
83.0 61.0 6.7
79.7 358.3 6.4
77.7 70.3 6.2
75.3 312.7 6.7
76.0 505.0 6.7
61.1 300.9 6.9
55.2 140.8 7.4
49.3 326.3 7.5
45.5 512.5 5.7
43.3 432.7 6.7
41.0 579.0 6.8
29.7 236.3 6.2
25.7 278.3 6.4
11.5 416.5 5.7
465.1 316.9 7.5
460.8 473.2 6.6
451.6 427.1 6.9
448.8 435.2 6.8
428.8 247.2 6.6
429.0 363.0 6.0
419.0 355.0 6.7
410.8 277.2 6.2
401.0 269.0 6.0
379.2 570.8 6.5
372.6 466.4 6.6
364.8 445.2 6.8
314.9 69.1 6.9
258.3 589.0 6.9
249.0 539.0 6.0
235.0 597.0 6.0
232.9 601.1 6.9
222.7 209.3 6.2
179.5 147.5 6.3
173.4 147.1 7.8
84.7 564.5 7.2
82.8 355.2 7.0
62.6 139.4 6.8
470.2 241.8 6.5
464.3 227.7 7.2
464.5 603.5 6.3
458.3 99.7 7.2
457.1 18.5 7.3
457.0 544.0 6.7
454.2 421.8 7.2
450.9 595.1 7.1
438.2 275.2 7.0
432.9 259.1 7.7
430.5 543.5 7.0
424.1 309.9 7.1
420.2 9.8 6.5
418.2 177.8 7.2
418.3 345.7 6.5
418.5 391.5 7.0
410.7 169.3 7.1
408.6 303.4 7.8
408.5 577.5 6.3
406.2 425.8 7.2
404.5 169.5 6.3
400.1 583.9 7.4
390.9 623.1 7.8
386.4 15.6 7.9
386.1 619.4 6.9
385.0 386.3 6.9
382.0 380.0 7.3
380.1 577.9 7.1
376.2 433.8 6.5
376.3 469.4 7.2
376.0 544.0 7.3
368.3 337.7 6.5
368.4 463.6 7.5
368.7 603.3 7.1
366.6 247.6 7.8
366.0 505.8 7.8
360.5 439.5 6.3
360.3 443.7 6.5
358.2 481.8 7.0
356.2 141.8 7.2
348.1 369.9 7.1
348.5 479.5 7.0
346.0 337.2 6.9
339.1 267.4 7.6
336.8 297.2 7.5
326.0 105.3 6.7
326.3 247.7 7.3
326.3 519.7 7.2
322.2 345.8 7.2
320.4 107.8 7.6
319.4 72.1 7.4
314.2 333.8 6.5
314.8 465.2 6.8
312.5 377.9 8.1
307.0 62.0 7.3
302.5 277.5 6.3
294.3 589.7 6.5
288.2 305.2 7.0
289.3 425.1 7.1
288.3 589.7 6.5
280.1 457.9 7.1
277.9 114.7 7.3
278.5 595.5 7.0
272.4 365.9 7.4
266.7 511.3 7.1
262.4 313.6 7.2
261.1 217.4 8.0
259.1 320.9 7.6
256.7 55.3 6.8
255.8 205.4 7.1
256.7 309.3 7.6
254.4 343.6 7.2
254.5 459.9 7.1
252.8 453.2 6.8
250.7 401.3 7.0
249.0 57.0 7.6
248.3 273.7 7.3
246.5 551.5 6.3
238.0 399.5 7.3
236.6 499.4 7.6
233.8 383.1 7.4
234.7 489.7 7.0
230.2 73.4 7.2
226.5 419.5 6.3
215.9 509.4 7.3
214.3 189.1 7.6
210.8 201.2 6.8
210.3 500.6 7.2
209.2 461.5 7.7
198.5 205.5 7.0
198.2 369.8 7.0
190.6 217.4 7.8
190.5 493.5 7.3
186.3 433.7 6.5
184.3 245.4 7.6
182.3 433.7 6.5
180.4 325.6 7.2
178.4 431.6 7.9
178.7 525.3 7.1
174.6 617.9 7.4
167.7 434.3 7.3
169.0 445.5 7.3
168.3 467.7 7.3
164.6 479.4 7.8
160.3 575.7 7.3
156.5 293.5 7.4
155.3 378.1 7.3
153.4 263.1 7.4
152.6 438.4 6.9
144.2 225.8 6.5
144.2 233.8 6.5
140.8 360.3 7.2
135.8 355.3 6.8
136.8 415.7 7.8
136.5 611.5 7.0
134.5 603.5 6.3
130.3 479.7 7.3
128.7 91.3 7.1
127.8 140.8 7.2
127.9 266.1 7.2
128.7 389.3 7.1
126.7 377.3 7.1
124.3 247.7 7.5
122.7 153.3 6.8
118.3 369.7 7.2
118.2 486.6 6.8
114.2 490.1 7.2
108.7 441.3 7.1
104.3 145.7 7.2
96.6 463.4 7.8
90.3 367.7 6.9
88.9 571.4 7.4
86.4 507.4 8.1
82.4 289.6 7.2
82.2 349.8 7.2
81.7 502.7 7.1
80.7 413.7 7.3
78.0 292.0 6.7
74.2 285.4 7.2
70.3 514.0 7.1
66.0 90.0 6.7
66.5 135.5 6.3
66.1 351.1 6.9
66.5 519.5 7.0
64.1 223.4 7.8
62.5 479.5 6.3
62.0 514.0 7.0
60.4 307.3 7.9
54.9 199.8 7.6
50.4 71.6 7.2
46.1 113.9 7.1
47.4 281.4 7.4
39.9 65.7 7.2
38.7 490.0 7.6
30.7 607.3 7.5
24.8 117.2 7.9
24.4 182.8 7.9
22.6 122.1 7.2
17.1 208.9 7.8
14.5 587.5 7.0
468.0 528.0 7.3
465.6 106.4 8.1
466.0 114.0 7.8
465.6 236.4 7.5
461.4 535.9 7.5
459.8 582.2 7.2
456.2 150.4 7.7
456.0 218.0 7.3
451.6 101.7 7.4
451.7 416.3 6.8
449.5 13.8 7.4
450.2 599.8 7.4
447.6 298.4 7.5
443.8 19.6 7.5
443.8 420.2 6.8
444.0 446.0 8.0
442.0 158.0 7.7
439.8 417.4 7.3
437.6 323.8 8.1
434.0 230.0 6.7
432.0 266.0 6.7
429.2 282.2 7.4
427.7 420.3 6.8
427.8 562.2 7.5
426.1 129.9 8.2
423.9 28.1 7.5
423.9 162.1 7.5
418.5 473.5 7.2
415.5 273.2 7.0
415.9 598.1 8.1
412.0 120.4 7.7
411.8 384.2 7.5
409.8 10.2 6.8
410.0 360.0 7.7
410.5 550.3 7.7
403.8 361.4 7.3
404.0 545.3 7.1
399.7 206.3 7.3
398.1 422.1 8.4
395.7 440.3 7.3
395.7 608.3 6.8
390.4 174.1 7.4
389.2 472.3 7.6
390.8 478.4 7.5
385.8 484.2 8.3
379.7 70.3 7.5
380.0 530.0 7.3
376.0 540.0 6.7
374.0 582.0 7.3
364.4 207.9 7.6
360.2 143.8 7.2
354.2 229.8 7.4
351.7 309.1 7.4
349.9 270.1 7.5
350.0 554.0 6.7
348.0 182.0 7.3
346.3 118.2 8.1
345.7 265.7 7.8
345.7 484.3 6.8
342.4 20.2 8.0
341.3 186.3 7.7
341.4 358.2 7.5
342.0 470.0 6.7
342.0 556.0 7.3
337.3 490.0 7.1
336.2 44.0 8.4
335.9 374.6 7.9
332.0 580.0 6.7
331.8 605.9 7.8
330.0 236.0 7.3
330.3 571.7 7.2
328.3 167.7 7.8
327.9 302.1 7.5
324.0 332.0 6.7
323.5 354.5 7.0
321.8 324.2 7.2
321.8 566.6 7.6
319.9 616.1 7.5
313.8 492.2 6.8
310.1 249.9 8.2
309.9 357.8 7.8
305.9 206.1 7.7
306.3 372.3 7.8
306.1 418.4 7.3
306.0 480.4 7.5
306.1 523.7 8.1
304.1 174.3 7.9
303.8 568.2 8.0
300.0 306.0 6.7
298.2 465.8 7.4
295.9 561.7 8.4
294.0 476.0 8.0
294.5 578.5 7.0
290.0 580.0 6.7
285.7 111.7 7.3
285.3 267.8 7.2
285.7 475.7 7.3
283.8 452.2 7.2
284.2 537.8 7.2
282.0 194.0 6.7
282.1 495.9 8.1
279.8 361.3 8.0
277.6 196.4 8.1
276.0 558.0 7.6
273.4 596.0 7.8
271.4 481.4 7.9
269.8 352.2 7.7
270.5 406.7 7.7
268.4 313.6 7.7
267.5 360.2 7.4
268.5 460.8 7.2
267.3 486.2 7.6
265.6 495.7 7.6
266.2 503.8 7.4
265.8 556.2 7.2
264.5 210.6 8.2
261.6 16.2 8.0
262.0 56.4 8.1
253.5 278.5 7.7
253.9 530.1 7.5
251.8 238.2 7.2
252.0 517.1 7.7
241.8 442.2 7.5
242.2 493.8 7.4
240.0 284.0 8.0
237.3 509.3 7.6
236.0 569.3 7.1
234.0 54.0 6.7
234.5 350.1 8.2
234.2 401.8 7.4
234.0 614.0 7.7
227.9 534.1 8.4
226.5 426.0 7.8
222.5 600.2 7.7
220.0 206.0 6.7
220.1 530.6 7.8
219.6 535.9 7.3
213.6 514.4 7.5
214.2 618.6 7.6
211.6 17.9 8.3
210.4 292.3 7.4
210.5 453.5 7.2
207.5 536.5 7.7
207.6 570.0 7.5
205.9 419.8 8.1
205.2 555.9 7.6
203.5 20.5 7.3
204.1 386.5 7.8
200.9 80.1 7.9
196.1 78.2 7.5
194.3 502.3 7.3
193.7 542.3 8.0
191.2 358.1 7.6
191.8 482.2 7.5
186.8 190.0 7.7
183.9 142.1 7.8
181.7 502.3 6.8
182.5 528.5 7.0
175.9 154.1 7.5
174.2 517.8 7.4
171.6 160.4 7.2
170.0 236.0 6.7
169.1 623.6 7.8
165.7 423.7 7.8
163.6 270.4 7.5
162.5 486.5 7.0
160.0 280.9 7.4
159.6 610.1 8.5
156.0 456.0 7.1
155.5 508.5 7.0
153.9 574.1 8.1
152.3 608.2 8.0
149.8 248.2 7.7
150.0 301.1 7.8
150.0 538.0 6.7
147.9 362.1 7.5
147.6 442.4 8.1
146.0 34.0 6.7
138.0 274.0 7.7
137.9 410.1 8.2
131.7 492.3 6.8
131.5 614.5 7.7
129.7 384.3 7.5
126.1 179.9 7.9
121.9 15.6 8.3
119.4 254.1 7.5
115.8 477.4 7.3
113.8 94.2 6.8
110.0 164.0 6.7
108.0 49.2 7.9
108.5 117.5 7.2
107.3 159.8 7.2
103.7 242.3 7.5
103.7 354.6 7.5
102.0 454.0 6.7
100.0 32.0 7.7
99.6 377.9 8.1
100.5 493.5 7.2
100.4 498.1 7.4
98.4 312.8 7.2
95.8 78.2 7.2
91.6 504.7 7.6
90.2 139.8 7.4
87.6 57.4 7.3
87.9 540.1 7.5
85.9 294.1 7.5
85.4 404.3 7.5
86.1 525.4 8.0
83.8 299.4 7.3
77.9 306.3 8.2
76.2 496.2 7.3
73.7 578.3 8.1
68.0 173.5 7.3
66.0 338.0 6.7
63.7 22.3 7.8
63.9 98.1 8.3
63.8 578.2 7.7
62.8 178.8 7.5
62.0 230.0 8.3
60.3 292.3 7.4
58.5 30.8 7.2
50.2 179.8 7.4
50.6 394.3 8.2
48.3 409.7 7.2
43.3 91.8 7.8
40.2 335.8 7.8
35.7 236.3 8.1
35.8 333.3 6.8
33.4 126.3 8.2
34.2 431.8 7.4
34.3 462.3 7.3
31.7 428.3 6.8
31.7 488.3 7.5
30.0 266.0 6.7
25.8 524.2 7.2
24.0 332.0 6.7
22.1 328.7 7.4
19.3 116.7 7.4
18.8 201.8 7.0
20.0 216.0 6.7
20.5 407.0 7.7
17.6 11.6 7.5
18.1 17.9 7.7
468.8 344.0 7.5
469.3 476.7 7.2
466.7 219.3 7.9
467.3 412.7 7.2
467.0 431.7 7.3
463.5 464.8 8.3
463.7 530.3 7.8
459.1 125.1 8.2
458.8 244.8 7.5
459.1 528.9 7.8
459.1 576.9 7.6
451.5 446.5 7.0
447.1 217.7 7.8
445.2 324.2 8.4
445.0 618.0 7.3
443.2 30.8 7.2
443.5 200.5 7.7
442.8 302.0 8.0
443.7 318.3 7.8
443.0 381.0 7.3
444.0 561.0 7.3
439.9 266.9 8.6
439.0 623.0 7.3
437.1 96.9 7.8
437.4 357.0 8.6
435.0 247.0 8.0
434.1 16.8 8.5
433.9 140.1 7.8
430.8 100.0 8.0
429.1 224.9 8.1
428.9 480.3 7.9
427.3 234.7 7.8
427.6 265.4 8.3
427.3 412.7 7.8
427.9 616.1 8.1
425.0 119.7 7.8
422.8 198.3 8.2
424.1 544.2 8.5
418.6 25.4 8.1
419.3 88.7 7.8
419.0 249.0 8.0
417.1 18.9 7.8
417.6 312.2 8.1
415.1 279.7 8.0
415.3 288.7 7.7
415.3 302.9 8.3
415.9 442.6 7.8
415.8 544.2 7.5
413.0 187.0 7.3
413.0 417.0 8.0
411.1 204.6 8.2
411.4 214.6 8.4
411.3 534.7 7.2
411.0 573.0 7.7
407.3 60.7 7.2
408.2 270.8 8.1
405.1 52.9 7.8
403.2 62.8 7.7
403.3 196.7 7.6
403.7 412.7 7.7
403.4 468.6 8.2
399.1 541.4 8.0
399.3 562.7 7.8
398.1 120.7 7.7
398.0 213.0 8.0
395.6 218.9 7.6
395.1 370.9 7.6
395.5 444.5 7.0
391.3 513.9 7.7
389.9 383.6 8.1
389.3 460.4 7.8
387.4 241.8 8.0
387.1 374.4 7.9
383.7 181.0 8.3
383.6 567.2 7.7
383.5 598.5 8.3
381.9 468.1 8.4
381.6 500.9 7.6
381.5 542.5 8.3
379.6 476.7 8.5
380.0 548.0 7.6
377.9 206.1 8.1
377.2 256.8 7.8
375.2 149.1 8.2
374.9 452.8 8.1
375.3 562.7 7.2
375.3 594.7 7.8
373.0 157.0 7.3
373.6 443.1 7.8
371.4 428.6 8.9
371.7 473.3 7.9
369.5 284.5 7.7
368.9 458.4 7.8
368.8 570.5 7.4
365.1 564.4 7.6
363.5 238.5 7.7
361.6 243.6 7.9
360.6 324.3 7.8
359.3 392.7 7.8
359.9 532.1 7.8
359.1 620.9 7.8
355.1 260.9 8.1
355.7 268.3 8.3
351.3 302.7 8.3
348.3 494.9 8.0
345.0 224.5 8.3
343.7 316.3 7.8
344.0 379.3 7.6
341.7 200.3 7.8
339.7 342.2 8.6
339.5 578.5 7.0
337.2 88.8 8.2
333.5 302.5 8.3
332.9 504.6 7.8
331.4 57.9 8.9
331.7 156.3 8.2
331.5 200.8 8.3
324.9 229.1 8.0
325.7 256.3 7.8
323.5 40.5 7.0
321.3 598.7 7.2
319.9 44.1 7.8
319.5 58.5 7.0
319.2 228.8 8.4
317.3 99.7 8.0
315.3 588.7 8.4
313.4 52.4 8.3
313.2 166.5 8.1
313.6 348.4 8.5
313.7 573.1 8.0
309.2 192.8 7.2
310.0 199.0 8.4
307.3 30.7 7.8
307.3 403.4 7.8
303.4 51.7 8.1
303.6 232.9 7.9
299.6 64.4 8.9
297.8 227.8 8.1
295.5 106.5 8.3
295.1 296.1 7.9
295.2 360.8 7.8
293.1 215.1 8.0
291.2 114.1 9.0
291.0 453.0 8.0
289.7 103.0 8.3
283.0 533.0 7.7
279.8 95.7 8.3
279.7 218.6 8.2
279.4 588.6 7.7
277.0 403.0 7.3
277.4 488.6 8.2
272.6 114.7 8.2
273.3 120.7 7.6
273.7 543.1 7.7
271.5 20.5 7.7
271.9 420.6 7.8
272.5 472.8 7.7
269.5 392.5 7.7
268.7 468.2 8.2
267.5 308.5 7.0
265.4 108.1 8.1
265.0 542.3 7.3
263.4 568.6 7.9
261.7 51.2 7.5
261.4 479.5 8.0
255.3 50.7 7.8
255.6 212.4 8.3
254.1 272.2 8.8
253.1 464.9 7.6
251.0 11.0 7.3
252.0 21.2 8.3
251.1 40.9 8.1
251.6 373.3 8.3
247.7 263.2 8.3
247.5 481.8 7.4
247.1 494.9 7.8
243.5 62.5 8.3
241.0 309.0 8.1
240.9 363.1 7.8
242.3 580.9 8.0
237.3 278.7 7.6
233.8 46.2 7.5
233.7 156.3 7.8
231.4 136.6 8.2
230.8 144.3 8.3
231.7 528.3 7.8
231.3 608.7 7.2
229.1 208.9 8.0
227.2 260.8 8.3
223.7 357.1 8.0
223.4 506.9 8.0
223.3 604.7 7.2
221.9 108.1 7.8
218.8 409.2 8.2
217.9 82.9 8.7
217.7 344.3 7.8
212.8 79.6 8.2
213.5 172.5 7.0
213.8 611.7 8.3
210.9 550.4 7.8
209.2 190.8 7.2
209.5 242.5 7.0
209.3 512.7 7.6
205.9 404.8 8.2
201.3 348.7 7.8
201.5 460.9 8.1
198.9 88.4 8.1
199.9 536.1 7.8
193.0 190.0 7.3
193.7 588.3 7.8
190.8 90.8 7.5
192.1 183.5 8.2
191.9 196.1 7.8
191.9 284.1 7.8
189.9 250.9 7.9
190.2 451.5 8.2
187.3 611.9 7.7
185.5 588.5 7.0
180.9 368.8 7.9
181.5 492.5 7.0
179.5 52.3 8.9
179.6 116.7 8.5
177.0 493.0 8.0
175.0 165.0 7.3
175.5 536.5 7.0
173.4 223.9 8.5
173.0 315.0 7.7
172.9 440.8 7.8
168.9 208.4 7.8
167.5 496.5 8.0
168.3 523.0 7.3
164.1 184.3 7.7
163.6 264.4 8.5
161.9 152.1 8.8
161.1 172.9 7.8
159.7 121.2 8.7
159.0 273.0 7.3
159.9 398.7 8.3
155.4 212.6 8.4
151.5 36.5 7.0
151.4 236.6 7.9
151.5 584.5 7.0
151.3 590.7 7.8
147.1 292.4 7.9
144.2 136.6 8.0
141.0 305.0 8.0
141.1 400.9 8.0
140.4 436.8 8.1
139.0 617.0 8.0
135.8 204.2 8.2
134.8 267.8 8.1
133.1 126.5 8.1
133.3 400.7 7.2
131.1 103.9 8.5
131.0 208.0 7.3
131.8 428.8 7.9
128.9 332.9 8.0
129.0 507.0 7.3
127.4 149.1 7.8
127.2 557.1 7.8
126.2 310.6 8.3
125.5 392.5 7.0
123.7 548.3 7.8
123.1 608.9 8.1
114.0 411.0 7.3
109.5 342.5 7.7
107.2 210.8 7.2
107.8 495.1 8.1
103.0 531.0 8.0
101.7 73.1 8.2
101.3 164.7 7.8
99.4 142.6 7.9
99.5 196.5 7.7
99.4 420.6 7.9
97.9 338.1 7.8
95.3 162.7 8.4
94.8 493.9 8.1
95.1 509.8 8.1
93.5 174.5 7.0
93.5 372.5 7.0
94.3 413.0 7.3
93.7 569.0 8.0
93.0 575.0 7.3
91.4 534.6 8.6
89.2 92.4 7.8
87.4 102.9 8.4
88.0 134.0 7.6
85.5 276.5 8.3
83.0 79.0 8.0
83.7 378.3 7.8
83.6 424.1 8.2
82.9 497.1 8.2
81.7 136.7 8.3
82.4 168.7 8.2
79.5 154.5 7.0
79.5 258.9 8.1
78.9 380.9 8.0
79.7 572.3 8.2
76.9 404.6 7.4
75.6 178.4 8.2
75.8 215.3 7.8
75.5 530.9 7.8
74.9 569.1 7.9
73.7 64.3 7.8
70.7 129.9 8.3
71.3 479.3 8.1
69.3 225.1 7.9
69.5 358.5 7.0
69.5 620.5 7.7
66.1 84.7 7.7
65.8 272.2 7.5
65.1 360.6 8.2
60.4 312.7 7.9
59.5 68.5 7.0
59.3 352.7 7.8
57.5 296.5 7.0
55.9 161.0 8.3
55.6 260.4 8.5
55.9 326.8 8.6
56.0 492.0 7.6
53.3 484.7 8.2
51.1 78.5 8.9
51.7 252.3 7.8
51.7 333.2 8.5
49.5 536.5 7.0
47.4 66.1 8.2
46.4 476.9 7.9
45.0 256.0 7.3
43.7 119.1 8.0
42.9 412.3 8.0
41.3 516.7 7.6
39.5 88.5 7.0
37.7 148.2 8.2
35.5 90.5 7.0
34.9 97.1 8.0
35.3 354.7 8.0
31.3 89.1 8.4
31.1 116.9 8.2
31.6 444.4 8.9
25.3 488.7 8.1
23.1 14.9 8.2
24.2 207.0 8.3
23.5 426.5 7.7
23.4 441.8 7.9
21.2 129.4 7.9
21.0 219.7 7.3
21.3 544.0 7.6
20.7 257.0 8.0
19.5 424.5 7.0
16.0 572.0 7.6
14.3 33.0 7.3
467.0 349.0 7.3
465.0 423.2 8.7
465.0 543.0 7.3
462.4 46.8 8.3
463.2 145.2 8.3
460.7 363.3 8.2
458.5 180.6 8.4
458.7 419.3 7.5
457.8 117.2 8.2
454.7 357.3 8.2
455.0 585.0 8.4
453.4 25.5 8.9
453.5 190.9 7.8
452.5 395.5 7.7
452.5 459.5 8.3
451.0 203.3 8.8
451.0 307.0 7.3
449.4 521.6 8.7
448.5 545.5 8.3
449.5 551.0 8.0
446.2 73.8 8.7
445.0 107.0 8.4
445.0 459.0 8.0
445.8 539.3 7.8
442.7 595.7 8.1
438.6 423.4 8.1
433.8 511.1 8.6
428.4 62.6 8.9
429.1 316.6 8.6
424.6 19.4 9.2
422.4 139.6 8.1
421.2 37.7 8.4
421.7 305.3 8.4
421.8 555.4 8.3
420.7 587.3 8.9
420.6 617.4 7.9
416.6 107.4 8.4
417.0 563.0 7.3
409.5 589.5 7.7
406.9 377.6 7.8
404.9 399.1 8.2
402.5 105.5 8.3
402.7 124.3 8.2
402.5 383.5 8.6
401.1 115.3 8.2
400.6 175.4 8.3
400.8 577.2 7.9
396.2 613.3 8.6
394.3 275.1 8.8
394.5 395.5 8.3
392.8 269.2 7.5
393.4 284.1 8.2
389.4 98.6 8.1
388.5 209.5 8.0
387.8 226.8 8.1
385.2 393.6 8.3
378.9 142.8 8.0
376.7 99.0 8.4
370.8 265.2 8.8
371.0 563.0 7.3
369.4 238.6 8.9
364.5 12.5 7.7
365.7 213.2 7.8
364.5 581.5 8.0
362.7 119.3 8.2
362.7 125.3 7.5
361.4 511.3 8.6
358.5 149.5 8.3
356.9 503.1 8.2
352.4 401.3 8.3
352.5 407.5 8.0
352.6 437.0 8.1
347.5 409.3 8.9
344.9 533.1 8.2
342.7 517.1 8.7
340.8 126.8 8.5
341.0 475.0 7.3
340.4 483.4 8.3
341.1 501.8 8.5
341.2 618.8 8.1
338.7 34.4 8.5
337.3 53.7 7.8
335.1 99.4 8.3
335.0 459.2 8.7
334.6 483.4 8.1
333.3 18.2 8.6
333.2 78.4 8.0
332.2 257.5 8.6
332.5 431.2 8.3
333.3 537.7 8.4
330.8 32.1 8.5
331.0 419.4 9.4
330.8 479.2 8.2
329.2 109.2 8.0
328.5 461.5 8.3
326.5 67.5 8.3
326.5 75.5 8.6
326.7 99.3 8.5
327.0 577.0 8.9
325.5 421.5 7.7
325.3 547.3 8.7
322.1 126.4 8.3
323.2 145.7 7.8
320.6 66.2 8.3
320.5 245.5 8.3
320.4 449.4 8.3
319.0 171.0 8.4
319.8 199.4 8.3
319.0 251.0 7.3
316.8 321.2 8.3
317.4 342.6 8.7
317.3 454.7 8.5
316.7 509.3 8.0
314.5 621.5 8.3
313.1 242.9 8.6
310.6 77.4 8.1
309.0 299.0 8.0
305.0 77.0 7.3
304.5 112.2 8.7
305.8 294.2 8.3
304.3 463.7 8.7
302.7 531.3 7.5
301.0 43.0 7.3
300.3 85.1 8.3
301.5 620.5 7.9
298.7 100.5 8.5
298.4 269.3 8.3
298.7 373.7 9.3
298.8 519.6 8.2
297.8 35.5 7.7
297.1 144.9 8.6
297.2 208.8 8.9
294.3 165.2 9.5
295.0 259.0 8.4
295.0 555.0 7.3
294.0 191.4 8.3
291.9 206.4 8.4
289.2 14.1 8.4
289.1 237.8 8.4
285.0 523.0 8.0
282.8 231.0 8.3
280.8 511.2 8.6
278.3 26.8 8.2
276.7 295.3 8.2
269.1 14.9 8.4
267.7 171.0 9.0
265.2 299.5 8.2
262.0 274.8 7.7
261.6 201.2 8.0
261.0 305.0 8.0
261.0 377.0 8.0
260.4 410.8 8.3
258.4 510.9 8.4
252.2 99.2 8.1
252.8 561.2 8.2
250.7 365.8 7.8
250.7 547.3 8.2
246.5 203.1 8.2
246.8 600.4 8.6
242.5 275.5 8.3
242.8 514.8 8.0
242.5 617.5 8.3
236.8 259.2 7.9
236.5 446.5 7.7
235.0 141.0 7.3
232.4 109.4 8.3
230.7 178.1 8.5
230.8 503.2 8.2
228.9 354.1 8.4
229.0 407.3 9.3
228.9 569.7 8.5
225.3 202.7 9.0
222.5 72.6 9.3
222.7 346.7 8.0
220.4 118.9 8.7
219.2 564.8 8.1
218.8 607.7 8.8
216.5 425.5 8.3
212.5 303.5 8.3
206.8 505.2 8.2
206.5 531.5 7.7
204.4 426.7 8.9
205.0 549.0 9.0
203.2 102.4 8.0
197.0 243.0 7.3
197.9 288.9 8.5
197.1 315.4 8.2
196.7 615.3 7.5
194.8 363.2 8.3
194.9 383.9 8.1
189.0 317.0 8.7
188.7 526.7 8.1
186.7 46.5 8.3
186.8 285.7 8.3
186.5 357.5 7.7
185.5 122.5 8.9
185.0 219.0 7.3
185.2 227.6 8.3
184.8 309.2 8.8
185.6 398.8 8.0
182.9 341.4 8.6
180.6 253.4 8.1
180.3 462.7 7.8
180.5 280.2 7.7
179.2 301.5 8.7
178.5 555.5 8.3
176.7 11.3 7.5
174.5 253.5 8.0
173.0 326.7 8.7
172.7 366.7 8.1
173.0 465.0 7.3
173.0 513.0 8.0
166.9 175.1 8.2
164.5 443.5 7.7
155.0 549.0 7.3
153.8 223.3 8.7
153.0 415.0 8.0
150.2 373.2 7.4
148.6 123.4 8.3
148.8 231.2 8.2
147.0 503.3 8.2
146.5 511.5 8.3
147.0 591.0 7.3
146.8 603.2 8.6
144.7 335.3 7.5
145.2 422.8 7.8
141.4 146.4 8.4
140.7 169.3 7.5
140.5 230.5 7.7
135.0 299.4 8.1
134.3 305.7 8.7
134.8 509.2 7.5
133.0 135.7 7.8
132.6 261.4 8.1
133.5 451.4 8.1
126.5 99.5 8.0
127.5 109.4 8.3
126.2 317.0 8.9
126.6 489.6 8.8
125.0 118.2 8.9
124.6 275.4 8.7
125.1 339.1 8.6
121.5 170.5 8.6
120.7 323.0 9.3
120.9 394.6 7.8
121.0 491.0 7.3
116.8 239.2 8.2
114.3 337.2 8.3
114.5 547.5 7.7
112.8 375.2 7.5
110.4 571.6 8.4
109.1 31.8 8.4
108.6 324.9 8.5
109.3 333.5 8.6
107.0 151.0 8.3
106.5 205.5 7.7
106.8 458.6 9.1
104.1 93.1 8.0
105.4 382.4 8.6
102.6 63.4 8.1
102.5 123.5 7.7
102.8 247.2 7.9
100.9 81.3 8.6
99.3 274.7 7.8
98.8 343.2 8.0
97.1 38.9 8.6
94.7 151.6 8.2
94.6 219.4 8.4
95.0 381.0 7.3
95.0 547.0 8.0
92.8 377.2 7.9
90.7 557.7 8.7
88.6 86.6 8.2
88.6 283.4 8.1
88.7 299.7 8.5
89.2 420.8 8.1
88.6 451.0 8.1
86.7 349.3 7.5
85.0 149.0 8.9
84.3 397.7 8.5
82.5 183.5 7.7
80.6 213.4 8.1
74.9 319.1 8.4
72.7 347.3 7.5
72.5 374.7 8.3
70.9 366.1 8.7
68.5 430.0 8.3
66.8 286.3 8.7
65.0 623.0 8.0
60.7 167.3 7.5
61.3 276.7 8.5
58.5 193.5 8.6
54.9 275.1 8.2
53.0 433.0 8.0
50.4 129.6 8.3
51.0 577.0 7.3
49.4 419.1 8.4
44.8 269.2 7.5
44.6 601.4 8.1
43.3 71.3 8.6
42.2 286.5 8.7
42.9 469.1 8.2
40.6 183.6 8.3
41.8 367.5 7.7
36.8 443.2 7.9
34.5 287.5 7.7
34.8 343.2 8.8
32.9 589.9 8.1
31.0 515.5 8.3
26.8 131.2 7.5
26.5 507.5 7.7
24.9 21.1 8.7
24.6 110.6 8.4
24.9 411.1 8.2
25.4 517.2 8.6
25.3 556.7 9.0
20.3 513.7 8.1
17.3 77.8 8.5
468.2 181.8 7.8
468.0 388.0 8.0
467.0 12.0 8.0
465.8 334.0 8.7
465.1 79.4 8.8
462.5 59.5 7.7
462.2 195.8 7.8
460.7 213.3 8.2
459.9 519.7 8.8
454.6 111.4 8.5
450.0 140.0 8.7
448.5 127.5 8.3
448.3 421.7 8.2
445.7 475.9 8.7
444.4 349.8 9.9
431.9 535.2 8.4
426.8 323.8 8.8
425.0 533.5 8.3
422.1 221.4 8.6
423.0 289.7 9.0
422.1 527.6 8.5
420.3 115.3 9.1
416.6 46.1 9.3
415.9 379.8 9.2
417.3 622.0 8.0
411.9 34.7 8.7
411.2 231.8 8.8
410.2 293.3 9.2
410.3 349.7 8.2
410.5 393.5 7.7
405.3 475.9 9.2
400.3 445.7 8.2
394.4 483.6 8.5
392.1 117.9 8.7
392.7 179.8 9.4
392.8 552.3 8.2
390.2 411.2 7.9
388.3 69.7 8.2
388.5 319.5 7.7
388.7 421.7 8.3
384.9 64.0 9.1
384.6 117.8 8.9
382.2 251.8 8.5
381.3 48.2 8.2
381.2 193.8 8.6
377.9 111.6 8.9
377.1 343.7 8.9
371.8 299.8 9.2
371.0 141.4 9.3
370.5 215.5 8.3
368.5 69.5 7.7
368.0 202.0 8.0
366.5 221.5 10.1
359.9 308.1 9.0
360.5 542.2 8.8
358.3 130.9 8.3
354.3 291.7 8.5
352.7 26.1 8.7
352.5 327.5 7.7
352.5 355.5 9.0
350.6 48.7 9.1
350.5 91.9 9.0
350.2 109.8 8.5
349.9 130.1 8.6
351.1 156.0 9.1
348.3 295.7 8.5
348.3 375.7 8.5
346.5 11.5 7.7
346.3 273.7 7.8
344.6 43.2 9.8
338.9 250.4 8.7
337.9 495.5 8.7
336.5 64.0 8.9
336.4 211.6 8.8
336.3 477.7 7.8
332.0 38.0 8.0
332.7 71.8 9.5
330.7 341.6 10.0
330.0 368.2 9.2
328.1 89.3 8.9
325.9 408.7 8.7
324.5 477.5 9.0
321.9 23.3 9.0
322.7 367.6 9.0
323.0 442.3 8.2
322.3 603.7 8.5
320.4 183.6 8.5
315.8 315.3 8.3
316.8 537.9 9.1
314.0 308.8 8.7
314.3 409.4 8.8
312.4 399.6 9.1
310.2 391.8 7.8
310.6 458.2 8.8
308.4 544.1 8.1
304.3 261.7 8.5
304.5 364.4 9.0
304.2 427.3 9.0
304.0 517.0 8.0
303.9 583.8 8.7
300.1 119.9 8.3
300.3 289.7 9.1
300.2 447.8 8.3
296.9 52.0 9.3
296.2 199.8 7.8
295.3 133.5 9.3
292.9 26.1 8.7
292.5 419.5 7.7
290.5 123.5 7.7
287.9 185.4 8.5
288.3 247.7 8.7
286.4 119.6 8.5
286.8 213.2 9.0
286.3 483.0 8.2
285.9 575.6 8.5
284.7 141.7 8.5
284.4 179.6 8.5
284.0 433.4 8.9
282.8 125.8 8.9
282.3 131.7 8.5
280.6 55.4 9.0
278.2 173.4 9.1
276.5 331.5 7.7
272.5 151.5 8.7
272.8 163.9 9.5
272.1 215.9 9.2
262.2 31.8 8.3
260.1 294.2 8.6
257.9 123.4 8.5
258.6 283.9 8.8
258.3 485.0 9.1
258.5 619.5 8.1
256.7 196.3 8.2
254.2 153.8 8.5
254.3 329.7 8.9
252.0 126.0 8.3
252.0 553.6 8.5
252.6 584.1 8.5
252.2 614.2 8.4
248.0 94.0 8.3
247.0 311.0 9.2
246.1 369.9 8.7
246.5 525.5 7.7
244.7 22.0 9.2
242.0 156.0 8.3
242.2 266.1 8.5
240.3 27.4 8.7
240.1 135.9 9.8
240.1 235.9 8.5
240.5 259.5 7.7
239.0 211.7 9.1
238.1 376.3 8.6
236.5 51.5 7.7
236.2 270.8 9.5
237.0 413.7 8.2
236.0 574.8 8.8
234.9 75.6 8.4
232.5 247.5 7.7
232.4 342.0 8.5
230.3 170.8 7.8
230.3 449.7 7.8
228.5 311.5 7.7
227.9 585.8 8.7
227.0 299.6 8.9
226.3 367.7 8.2
225.9 557.9 8.7
224.0 51.7 8.4
222.3 113.7 7.8
221.7 125.4 8.7
220.4 259.8 9.0
221.0 288.1 8.7
220.1 294.8 8.9
220.0 315.0 9.0
218.5 23.5 8.3
217.8 50.8 9.0
218.5 491.5 8.7
218.1 501.9 8.7
216.8 390.1 8.9
214.2 142.7 9.4
208.3 177.7 7.8
209.0 601.9 8.7
206.1 397.4 9.1
204.7 86.1 9.3
205.3 456.2 8.2
200.5 471.5 9.0
198.3 465.7 8.2
198.2 529.8 8.5
196.9 141.1 8.4
196.5 411.5 9.0
192.0 74.0 8.3
190.1 83.5 9.4
189.0 293.5 9.8
186.5 505.5 9.0
185.9 556.1 8.7
184.1 351.9 8.5
184.4 387.6 8.8
184.1 415.2 8.9
184.2 445.8 9.0
177.8 361.0 9.2
176.3 131.7 8.5
173.0 275.5 8.3
168.5 15.5 9.0
168.3 61.7 7.8
167.9 312.1 8.6
165.9 127.6 8.6
164.3 326.0 9.0
164.5 527.5 8.3
162.1 335.4 9.3
162.5 457.5 7.7
158.4 182.1 8.9
155.5 448.0 8.5
152.8 87.9 9.3
152.2 107.6 8.7
152.5 339.5 7.7
149.6 149.8 9.2
150.4 205.1 9.0
150.2 257.8 8.5
148.5 11.5 7.7
148.0 412.7 8.0
146.0 92.9 9.3
147.3 326.0 8.7
144.7 471.3 8.4
139.9 377.0 8.7
138.5 343.5 7.7
136.7 170.4 8.5
136.6 312.2 8.8
132.8 184.0 9.2
132.5 415.5 7.7
130.2 24.9 9.0
130.5 157.5 9.0
128.3 454.3 8.8
126.3 186.0 8.8
122.8 437.8 8.3
121.2 28.2 9.0
120.7 143.7 9.7
120.0 314.0 8.0
120.3 399.7 8.2
118.5 124.4 9.3
118.0 202.0 8.3
118.0 307.2 9.2
116.5 111.5 7.7
116.2 117.8 9.5
114.2 289.8 7.8
112.9 131.6 9.0
110.0 76.0 9.1
110.6 480.0 9.0
108.0 177.3 8.6
106.8 285.8 9.0
104.2 469.8 8.9
103.0 317.8 9.0
100.3 439.7 9.3
99.1 57.1 9.2
98.5 395.5 7.7
98.3 407.7 9.1
97.9 503.7 8.7
96.1 553.5 8.9
94.1 267.9 8.7
92.2 51.8 9.4
90.5 383.5 7.7
90.5 407.5 7.7
89.5 21.5 8.3
87.5 267.3 8.1
86.6 515.7 9.0
84.5 155.5 7.7
84.4 535.6 8.5
82.1 221.9 8.5
80.1 90.9 8.2
80.0 488.0 8.7
74.2 277.8 8.5
74.2 296.1 8.9
74.3 421.7 7.8
72.5 79.5 9.0
72.7 167.7 9.1
72.1 261.9 8.5
72.0 272.0 8.7
72.8 442.3 8.2
72.3 453.5 9.5
68.5 421.5 9.4
69.3 500.0 8.0
65.6 199.7 8.8
66.5 505.5 8.7
62.2 205.4 8.5
60.2 129.8 8.5
58.3 331.7 7.8
55.2 21.6 9.1
53.9 318.1 8.7
53.8 350.2 9.0
51.6 119.3 8.9
52.6 385.7 9.3
52.6 472.1 8.7
50.8 542.0 8.9
50.0 592.0 8.3
44.1 153.9 8.9
44.5 299.5 7.7
44.1 356.2 8.6
44.4 494.3 8.4
44.5 535.5 8.7
40.0 81.8 9.1
39.9 278.1 8.7
40.3 421.7 7.8
38.1 599.9 9.5
36.0 178.7 8.0
33.3 60.0 8.7
32.3 467.7 8.5
30.0 176.5 8.3
30.5 245.5 7.7
29.3 160.2 8.5
28.9 323.1 9.7
26.2 53.8 9.0
25.9 225.3 8.9
24.4 251.6 8.8
25.1 355.8 8.8
24.3 498.0 9.0
22.5 149.5 7.7
23.2 571.7 8.7
20.1 59.6 8.9
18.9 71.7 8.7
18.2 269.1 9.0
18.7 292.1 8.3
18.0 444.0 8.0
467.7 122.3 8.2
466.4 616.3 8.6
464.1 166.6 8.8
463.6 242.4 9.5
464.4 456.4 8.9
460.0 384.8 9.0
460.2 431.8 9.2
453.8 384.2 8.2
454.0 612.0 9.6
441.8 530.0 9.3
436.0 452.0 9.6
436.4 516.7 9.0
430.4 331.2 8.6
429.7 433.9 8.8
423.5 350.5 8.7
418.6 480.0 9.8
411.4 557.4 8.7
407.8 530.2 8.6
405.4 142.3 8.8
405.5 181.5 8.3
401.8 164.7 9.3
396.1 316.2 9.3
393.4 465.9 8.8
390.0 314.0 8.0
387.9 254.6 8.8
384.3 406.2 10.2
379.9 58.1 8.9
379.8 104.2 9.2
377.6 36.4 9.2
377.4 176.1 8.8
377.6 611.7 9.3
371.9 575.8 9.4
367.2 621.8 8.8
366.9 94.0 9.0
365.6 190.4 8.8
366.8 280.3 8.2
363.6 522.1 9.2
362.2 17.8 8.8
357.8 180.2 8.8
358.0 580.0 9.6
356.0 368.2 9.0
350.7 322.5 8.8
350.0 452.0 8.0
350.2 592.5 9.4
346.1 578.2 9.3
327.7 14.3 8.8
324.3 58.9 8.8
323.7 560.3 8.8
320.0 36.3 9.1
318.2 302.5 9.3
315.7 191.7 9.5
309.8 96.2 8.6
309.9 108.1 9.4
302.1 195.9 9.6
301.7 552.3 9.3
298.0 392.0 8.7
298.0 616.0 9.1
292.8 90.4 9.7
280.0 550.0 9.0
275.6 190.4 8.8
275.7 346.3 8.8
274.0 180.0 9.1
269.6 64.4 8.8
269.6 132.4 8.8
269.7 186.3 8.2
267.6 34.0 8.8
267.6 202.4 8.8
261.7 472.6 9.1
260.7 428.7 9.0
248.6 331.7 9.3
246.0 52.0 8.0
243.8 486.2 9.7
241.2 346.2 9.3
238.4 300.2 9.0
231.3 361.9 9.3
231.9 434.1 9.1
229.9 287.7 9.7
227.9 400.1 9.4
227.4 497.4 9.0
221.8 196.7 9.3
219.8 432.8 9.3
217.1 132.5 9.8
217.9 230.5 8.9
217.4 322.1 9.3
213.7 73.4 9.6
214.0 100.0 8.0
214.0 458.0 8.0
212.1 166.3 9.3
208.0 92.9 9.2
204.0 166.0 8.0
203.9 525.4 9.2
197.7 344.3 8.2
197.7 572.6 8.8
195.7 42.3 8.2
194.0 24.0 8.0
193.8 36.2 8.6
191.7 571.2 8.2
189.5 12.5 8.3
188.0 584.0 8.7
183.4 74.1 8.4
178.3 190.2 10.0
173.3 71.1 8.7
172.1 374.4 9.4
167.4 216.0 9.1
157.8 429.9 9.3
155.6 502.1 8.8
152.1 134.4 9.4
147.7 401.4 9.6
148.1 566.2 9.7
145.9 182.5 9.3
143.3 163.8 9.5
139.6 122.4 8.8
137.6 33.9 9.2
131.7 394.6 8.8
129.6 82.4 9.3
127.4 299.9 9.3
128.0 424.0 8.0
120.1 501.9 9.3
117.9 152.1 9.4
117.7 226.3 8.2
114.6 60.1 8.9
109.6 84.8 9.1
107.9 138.5 9.1
98.2 177.8 8.8
97.1 210.1 9.2
97.6 236.4 9.3
97.5 368.1 8.9
98.0 476.0 8.0
91.6 74.4 9.2
88.1 413.9 9.9
85.8 576.2 8.6
71.4 523.8 8.9
69.4 140.6 9.1
63.3 161.2 9.3
57.7 216.3 9.3
53.9 526.6 8.8
51.6 14.4 8.8
45.6 102.0 8.8
44.3 217.7 9.1
41.4 398.6 8.8
37.8 41.8 9.3
31.8 453.3 8.8
32.8 540.4 8.8
27.6 192.4 8.8
27.6 594.0 8.8
21.4 302.2 9.1
22.0 340.0 8.0
17.7 25.3 9.0
16.0 462.7 8.4
467.0 253.0 8.7
462.9 556.4 9.6
461.0 256.8 9.5
457.5 196.5 8.3
458.1 442.8 9.5
457.3 596.7 8.9
451.3 168.7 8.9
449.3 92.7 9.6
442.9 136.1 9.6
443.0 235.0 9.2
444.2 588.8 9.2
439.6 53.7 9.6
439.4 70.2 10.2
439.9 218.9 9.8
434.8 372.8 9.3
429.1 152.3 9.3
427.5 456.5 8.3
427.4 471.0 10.4
422.1 53.9 9.5
410.6 506.9 9.3
399.3 96.7 8.5
393.1 232.9 9.9
388.6 24.4 9.8
389.2 150.2 9.5
389.9 437.0 9.2
383.9 535.1 9.4
381.8 135.1 9.9
381.2 622.8 8.5
379.5 488.5 9.4
371.4 365.3 9.3
368.8 592.8 9.2
367.6 102.8 10.2
364.8 380.5 8.8
361.8 276.9 9.5
361.1 548.9 8.9
359.2 232.8 9.5
358.6 562.4 9.7
351.0 345.0 9.2
345.8 437.9 10.0
343.0 385.0 9.2
341.5 400.5 9.0
335.8 27.1 9.5
334.6 226.8 9.3
330.9 290.6 9.1
329.8 510.6 9.7
328.2 599.2 9.2
319.6 51.1 9.7
313.1 500.1 10.2
313.5 562.5 9.0
309.7 213.9 9.0
306.3 16.7 9.8
298.8 236.9 10.1
297.3 402.7 8.5
295.3 80.3 8.8
289.5 549.6 9.4
286.6 378.8 9.9
285.3 91.4 9.8
285.1 222.4 9.6
285.0 597.0 8.7
284.0 82.4 10.2
283.7 397.0 9.3
281.9 208.1 10.2
279.2 472.8 9.9
274.9 59.3 9.9
275.5 107.2 9.3
266.7 320.2 9.7
261.7 448.6 10.2
259.1 140.9 9.9
257.6 106.4 9.6
257.2 382.5 9.5
255.4 300.9 10.1
253.5 256.5 9.4
241.1 536.9 8.9
239.8 547.2 9.2
226.8 161.9 9.9
223.3 573.5 8.7
215.0 541.0 9.8
211.6 441.0 9.5
208.9 250.1 9.4
207.8 298.8 9.0
203.9 364.9 9.6
201.1 194.1 9.4
194.7 58.0 8.9
193.8 423.1 9.5
179.3 32.7 9.8
179.6 213.5 9.1
179.6 221.1 9.7
179.6 608.4 9.6
173.4 42.8 10.7
171.1 300.7 10.0
171.1 582.2 9.5
165.8 140.6 8.9
163.3 240.7 8.5
163.3 392.1 10.1
161.3 507.9 9.6
159.6 31.2 9.2
157.4 48.6 9.4
155.6 517.0 9.0
149.7 175.0 9.6
145.7 102.7 9.3
143.0 283.0 9.2
138.9 488.8 9.5
137.0 553.0 9.2
135.8 44.2 8.8
135.5 191.3 10.2
130.8 74.7 9.8
127.5 14.5 8.3
127.9 593.1 9.3
123.7 66.9 9.1
123.0 447.0 9.2
119.0 332.3 9.0
119.8 512.8 9.0
117.5 216.5 9.0
118.2 609.2 9.2
113.7 25.0 10.5
113.5 170.5 9.7
112.9 450.5 9.3
108.9 228.6 9.4
106.0 303.0 9.6
103.1 42.9 9.9
94.7 303.3 9.6
95.5 618.5 8.3
87.6 388.9 9.6
85.5 128.5 9.4
83.2 468.8 9.0
81.9 370.9 9.4
78.9 522.0 9.1
75.1 410.9 8.9
64.9 236.8 9.9
63.0 35.0 9.8
63.1 124.1 9.6
60.7 246.7 9.9
54.2 507.2 9.2
49.2 108.4 9.1
45.5 141.2 8.8
39.0 501.0 9.8
35.0 273.0 8.7
33.0 524.4 9.8
27.7 618.7 9.3
23.6 172.4 9.6
16.0 53.0 8.7
464.7 571.3 9.3
457.2 621.5 9.0
451.0 121.0 9.7
450.5 561.5 9.3
432.5 304.9 10.0
431.5 173.6 9.7
423.5 205.6 10.3
419.2 321.3 10.7
406.5 447.5 9.8
400.5 35.5 9.3
401.1 282.9 10.0
397.5 50.5 9.7
392.9 73.4 9.8
388.6 142.4 10.4
384.9 291.5 10.0
376.7 131.3 8.8
377.2 293.6 10.5
370.1 493.2 10.0
369.2 401.8 9.7
365.0 135.0 10.4
364.7 157.7 10.2
354.5 201.5 9.0
355.7 615.1 9.5
344.7 280.6 10.5
343.2 51.5 10.0
339.4 393.4 9.9
321.6 427.6 9.9
306.2 44.9 10.0
303.4 126.6 10.4
288.8 199.0 10.7
286.8 565.8 9.7
282.9 21.1 10.1
279.5 570.5 9.7
272.8 253.2 9.9
272.5 507.5 9.8
271.4 47.4 10.4
271.0 289.0 8.7
267.0 279.0 9.7
257.0 235.9 9.6
257.5 363.8 10.3
243.0 189.0 8.7
240.7 454.1 9.4
240.8 595.2 8.8
237.1 181.2 10.0
230.8 41.8 9.9
230.5 80.8 10.2
229.5 546.5 9.2
224.5 306.2 9.8
212.6 412.3 9.8
208.4 267.1 9.7
205.8 31.4 8.9
204.5 70.8 10.1
201.0 331.0 10.4
199.0 378.0 10.2
186.7 95.3 9.4
178.5 543.5 9.3
174.4 336.9 10.2
165.1 381.6 9.9
161.0 617.4 10.0
156.1 141.6 9.9
155.7 199.1 9.8
154.8 463.5 10.4
153.0 31.0 8.7
137.4 111.6 10.4
128.5 470.7 9.9
120.7 591.0 10.2
121.3 601.7 10.3
119.2 105.2 10.1
116.2 578.8 9.7
115.0 15.0 8.7
112.9 501.1 10.1
108.3 348.9 9.4
100.1 98.9 10.6
98.2 427.0 9.7
96.3 293.1 9.4
94.6 446.9 9.6
95.7 607.2 9.5
88.5 546.8 10.0
80.8 248.9 10.0
76.3 30.6 10.3
76.2 586.7 9.8
72.2 353.2 9.7
68.2 325.8 10.0
65.0 67.0 9.7
60.8 108.7 10.8
61.1 553.9 9.9
56.8 561.2 8.8
52.5 456.8 9.0
50.9 561.1 9.4
46.5 161.5 9.8
40.2 304.8 9.7
41.8 315.5 9.0
30.8 135.9 10.0
25.5 539.2 10.6
21.1 313.1 10.7
20.3 373.7 9.8
20.7 433.3 10.2
18.2 619.0 9.2
463.1 509.9 10.2
455.9 317.6 10.2
456.3 509.7 9.2
455.2 251.5 10.8
446.7 279.7 10.5
434.0 523.4 10.3
408.1 221.2 10.2
404.1 79.4 9.9
402.0 307.3 10.9
400.2 251.8 9.2
390.0 57.3 10.0
390.2 541.8 10.3
382.9 443.9 10.0
378.9 159.9 10.0
372.0 536.0 9.9
370.1 111.9 11.0
364.7 451.9 10.2
361.6 87.5 10.5
360.4 331.8 11.6
344.0 455.7 10.7
342.7 99.6 10.4
336.4 439.3 10.4
323.8 293.8 10.7
314.3 294.0 10.3
305.8 329.6 11.0
296.1 125.9 10.2
287.7 59.3 11.0
280.2 163.8 10.0
263.7 91.9 10.6
262.1 64.2 11.6
260.4 267.6 10.1
254.0 228.0 10.5
252.1 289.1 10.0
253.0 317.0 10.7
252.2 475.2 10.5
244.6 78.0 10.3
244.7 587.3 10.5
238.4 248.1 10.2
234.3 115.7 9.6
234.3 419.9 11.0
226.2 516.1 9.8
224.3 387.7 9.6
224.1 541.9 9.9
214.1 521.9 10.2
212.6 111.9 11.0
197.1 521.9 9.6
194.1 338.2 10.5
191.8 515.4 9.7
181.9 233.6 10.5
178.2 347.4 10.3
176.9 77.1 10.3
167.8 561.2 10.6
152.7 161.8 10.4
138.0 153.6 11.1
137.0 568.0 9.8
135.5 337.7 10.9
133.1 243.4 10.1
121.3 83.9 11.1
100.5 113.5 10.3
100.2 581.8 10.7
99.3 488.0 9.3
83.7 445.7 9.9
78.7 560.0 9.3
68.4 562.1 10.0
44.6 523.9 9.6
38.6 372.9 9.6
31.9 399.9 10.7
22.4 241.9 10.4
20.1 195.1 10.3
465.3 18.7 9.8
466.0 140.0 9.3
459.9 33.6 11.4
450.6 180.9 11.5
432.3 444.8 10.3
425.9 489.6 10.4
419.6 363.9 10.8
411.6 251.9 10.8
400.4 498.1 11.4
400.6 532.2 11.4
396.9 196.1 10.1
395.7 570.3 10.0
383.3 364.0 10.7
383.6 431.9 10.8
380.0 585.6 10.7
364.1 499.2 10.8
359.8 409.9 10.8
355.5 97.8 11.8
332.4 278.3 11.2
316.0 525.2 10.4
278.8 147.7 11.9
277.9 380.1 10.7
270.1 376.6 10.6
260.2 500.7 9.8
241.9 470.4 10.7
231.4 188.8 11.3
231.9 592.1 10.1
225.9 248.8 10.7
219.9 368.1 10.7
215.9 400.8 10.7
210.6 37.9 10.9
204.4 116.4 10.5
201.6 563.7 10.7
195.7 278.3 9.5
168.0 192.3 10.9
163.7 73.9 11.0
157.6 491.4 10.6
132.5 586.5 10.9
97.7 330.3 9.5
95.7 592.0 10.9
89.3 582.0 9.8
76.0 396.0 11.6
54.2 568.1 11.7
36.0 532.8 10.4
31.8 215.8 11.0
28.7 148.6 10.5
457.5 309.0 12.0
447.5 241.4 11.7
421.9 259.2 11.5
405.0 609.0 11.3
399.0 453.0 12.0
398.3 294.5 11.0
377.5 521.3 11.9
371.5 83.8 11.0
368.3 324.4 12.2
367.1 436.9 11.7
366.1 388.8 11.6
357.8 76.1 12.8
348.1 362.4 11.8
341.3 333.0 11.8
337.1 320.1 11.0
338.4 412.4 13.0
327.3 46.7 11.4
325.6 221.1 11.8
319.8 92.2 10.3
307.5 227.0 12.0
288.9 75.1 11.8
265.8 602.8 11.2
260.8 252.1 11.6
249.5 391.5 11.7
233.5 19.2 11.4
225.3 479.0 11.7
218.0 579.0 10.7
211.4 373.1 11.2
209.1 580.9 11.0
196.6 394.7 11.9
189.5 328.5 9.7
171.6 183.9 11.8
139.1 424.1 11.0
114.8 298.2 11.2
115.5 523.5 10.7
111.4 314.9 11.3
97.5 14.5 9.7
91.5 485.4 11.5
88.8 432.8 11.0
88.0 337.0 11.3
69.4 306.0 12.4
42.7 210.5 11.5
43.9 556.9 11.7
458.7 71.3 12.7
454.5 233.0 11.0
452.5 160.4 11.8
436.5 286.6 12.2
433.6 89.5 12.8
425.6 401.4 12.3
425.1 275.5 11.7
422.4 331.2 12.8
423.4 445.8 12.5
418.6 150.9 11.9
410.5 565.8 12.8
407.6 333.4 12.3
393.4 363.9 12.1
388.5 451.5 11.0
368.4 290.9 12.5
352.4 602.6 11.9
348.2 66.4 13.6
347.8 509.5 11.4
344.5 84.9 11.7
326.5 399.7 12.7
305.9 343.6 12.3
304.5 508.3 12.6
293.3 431.3 12.3
286.2 169.4 13.0
280.4 36.6 11.9
278.8 605.2 11.0
270.5 84.0 11.3
268.9 331.9 12.2
266.6 579.1 11.7
259.3 181.7 12.1
258.5 401.3 11.8
253.2 173.5 11.7
245.9 163.4 12.2
243.1 407.5 11.7
235.3 63.7 12.3
234.4 99.6 11.9
222.5 15.5 10.3
223.2 169.5 12.4
215.6 179.5 12.2
200.4 439.9 12.1
189.8 373.9 12.7
184.6 154.4 12.9
183.5 171.5 12.0
184.8 537.8 11.0
183.3 481.6 12.2
179.1 289.4 12.8
176.6 408.1 12.5
169.7 247.3 12.7
164.8 367.4 12.4
150.1 523.3 12.4
149.4 269.9 12.1
130.8 407.2 13.1
119.6 533.5 11.5
89.9 311.8 12.7
86.6 162.1 12.2
78.8 114.0 12.3
68.2 17.2 11.0
62.7 150.7 12.3
44.4 198.3 11.9
32.5 203.5 11.7
30.1 37.9 12.3
26.2 580.9 12.0
21.8 467.2 11.7
453.0 339.0 12.7
437.5 549.0 11.7
413.4 99.2 13.4
413.5 193.9 12.3
401.0 26.0 12.7
401.0 88.3 13.7
396.8 326.1 12.6
391.5 127.6 12.8
392.2 602.8 12.3
380.6 84.9 12.8
341.3 137.8 13.4
330.6 354.9 12.7
311.2 605.9 12.7
287.4 342.7 13.1
273.5 224.5 12.5
239.1 526.9 12.3
212.5 594.3 12.6
210.1 282.5 12.3
204.6 222.7 12.8
205.3 609.4 12.8
176.9 260.3 13.0
174.4 474.5 12.5
153.3 476.2 13.5
129.3 166.3 13.2
96.2 228.5 12.8
86.2 602.4 12.4
74.0 554.0 12.0
21.0 530.5 11.7
448.4 60.4 13.6
379.6 279.5 13.1
372.9 555.1 13.0
344.7 234.3 13.7
328.1 131.0 14.0
323.4 313.4 12.8
315.2 363.5 12.1
297.1 335.8 13.7
295.1 533.3 14.1
283.7 329.4 13.5
209.0 125.2 14.3
195.5 601.5 13.0
192.9 101.3 13.3
170.5 610.9 13.0
143.9 455.6 13.7
120.6 354.5 13.4
119.1 42.3 13.9
117.8 459.4 14.4
77.7 541.9 13.0
70.5 120.5 13.2
355.7 210.2 15.9
335.5 121.4 13.5
328.6 186.5 15.0
303.8 245.1 14.1
301.5 598.5 13.0
266.6 527.0 14.6
218.3 466.4 13.9
210.3 488.7 14.7
209.6 317.1 14.2
187.6 471.1 13.9
178.3 422.5 14.6
147.5 390.3 14.3
131.9 233.8 14.7
110.9 276.0 15.0
101.4 563.2 14.7
447.4 511.7 14.6
428.2 504.3 14.7
367.9 313.2 14.9
168.2 283.8 15.1
110.5 540.5 14.6
78.6 53.7 15.6
43.3 239.7 15.1
432.2 184.1 16.3
420.7 516.7 15.6
375.2 121.8 16.3
371.6 482.4 14.9
311.5 516.5 13.7
293.3 512.7 15.1
282.9 256.1 15.7
266.7 238.3 15.4
239.0 318.5 16.1
432.3 33.2 17.2
327.7 489.7 18.1
269.4 266.1 15.1
166.5 354.0 16.2
38.8 225.5 16.3
230.3 458.8 17.3
130.9 541.2 17.5
306.0 316.4 18.6
177.0 101.1 19.4
167.6 548.3 21.0
66.8 594.6 21.0
58.1 50.1 21.1
457.0 10.0 8.0
445.0 8.0 8.0
475.0 29.0 7.0
468.0 66.0 9.0
399.0 9.0 8.0
394.0 4.0 8.0
382.0 9.0 5.0
382.0 5.0 6.0
380.0 22.0 6.0
374.0 10.0 5.0
318.0 5.0 10.0
309.0 8.0 6.0
300.0 9.0 10.0
444.0 36.0 6.0
435.0 167.0 5.0
474.0 153.0 12.0
471.0 88.0 7.0
474.0 93.0 5.0
472.0 99.0 6.0
472.0 166.0 10.0
292.0 249.0 6.0
306.0 559.0 10.0
353.0 479.0 5.0
290.0 608.0 16.0
292.0 624.0 13.0
305.0 627.0 8.0
313.0 629.0 8.0
325.0 625.0 11.0
361.0 628.0 10.0
346.0 633.0 8.0
330.0 634.0 8.0
399.0 627.0 10.0
407.0 631.0 7.0
381.0 631.0 9.0
373.0 635.0 7.0
400.0 557.0 5.0
475.0 508.0 8.0
474.0 499.0 7.0
477.0 491.0 7.0
474.0 545.0 9.0
474.0 535.0 6.0
469.0 592.0 8.0
473.0 599.0 7.0
457.0 630.0 7.0
447.0 632.0 8.0
435.0 630.0 5.0
225.0 625.0 11.0
233.0 633.0 10.0
242.0 630.0 7.0
249.0 631.0 6.0
245.0 635.0 5.0
214.0 634.0 6.0
207.0 629.0 8.0
205.0 635.0 6.0
195.0 634.0 7.0
171.0 635.0 6.0
146.0 632.0 7.0
131.0 634.0 10.0
121.0 633.0 10.0
288.0 6.0 7.0
280.0 5.0 6.0
271.0 5.0 10.0
261.0 9.0 6.0
258.0 4.0 5.0
240.0 10.0 8.0
223.0 7.0 9.0
204.0 11.0 8.0
196.0 5.0 8.0
183.0 4.0 11.0
414.0 468.0 11.0
285.0 317.0 5.0
316.0 178.0 6.0
350.0 163.0 5.0
279.0 627.0 7.0
286.0 634.0 7.0
293.0 633.0 7.0
302.0 608.0 6.0
145.0 4.0 7.0
123.0 8.0 8.0
10.0 12.0 7.0
68.0 468.0 16.0
50.0 622.0 11.0
56.0 626.0 7.0
88.0 620.0 12.0
95.0 627.0 9.0
27.0 637.0 12.0
43.0 630.0 7.0
39.0 635.0 5.0
19.0 630.0 5.0
12.0 607.0 8.0
6.0 621.0 9.0
12.0 581.0 9.0
8.0 565.0 12.0
12.0 540.0 7.0
5.0 530.0 8.0
4.0 536.0 5.0
8.0 510.0 9.0
7.0 502.0 7.0
13.0 500.0 6.0
19.0 482.0 12.0
5.0 491.0 12.0
10.0 485.0 6.0
10.0 473.0 6.0
13.0 450.0 10.0
10.0 438.0 5.0
10.0 433.0 8.0
12.0 371.0 7.0
15.0 349.0 8.0
17.0 333.0 6.0
13.0 340.0 9.0
7.0 340.0 7.0
11.0 325.0 8.0
12.0 317.0 11.0
12.0 306.0 8.0
7.0 302.0 6.0
13.0 295.0 9.0
6.0 291.0 7.0
10.0 272.0 7.0
7.0 266.0 8.0
10.0 261.0 7.0
7.0 238.0 13.0
8.0 216.0 9.0
7.0 191.0 9.0
11.0 181.0 8.0
13.0 148.0 7.0
5.0 150.0 7.0
5.0 142.0 7.0
13.0 132.0 13.0
9.0 113.0 7.0
10.0 74.0 10.0
9.0 60.0 11.0
284.0 70.0 5.0
284.0 64.0 6.0
