461.3 432.7 8.5
442.8 469.2 8.5
430.8 131.2 8.1
405.5 613.2 8.5
371.2 421.2 8.5
311.0 95.0 8.5
261.0 295.0 8.5
221.3 251.3 8.5
210.8 127.2 8.1
199.8 183.3 8.1
161.8 364.8 10.5
87.7 99.2 8.1
61.0 125.0 7.7
476.5 459.5 9.6
472.5 169.5 8.5
446.5 149.5 8.5
440.5 373.5 8.5
416.7 521.3 9.2
409.3 401.3 8.7
410.5 523.5 8.5
406.7 421.3 9.2
404.5 557.5 8.5
382.5 419.5 8.5
382.7 435.3 9.2
382.5 607.5 8.5
368.5 299.5 8.5
342.5 121.5 8.5
336.2 589.3 9.2
322.5 393.5 8.5
315.1 192.9 8.7
304.5 265.5 8.5
294.1 84.4 9.4
276.5 319.5 8.5
262.5 213.5 8.5
250.7 451.3 9.2
241.9 205.3 9.1
236.5 175.5 8.5
233.9 326.6 17.1
229.3 145.3 8.7
226.5 275.5 9.6
214.3 633.3 9.2
200.5 125.5 8.5
190.7 339.3 9.2
176.7 251.3 9.2
174.7 115.3 8.8
160.5 269.5 8.5
160.5 507.5 8.5
157.2 131.1 10.4
154.5 467.5 8.5
148.5 389.5 9.2
144.5 335.5 8.5
138.7 325.3 8.8
134.5 471.5 8.5
128.5 493.5 9.6
113.8 573.5 9.0
112.5 67.5 9.2
108.5 293.5 8.5
100.5 459.5 8.5
89.2 143.7 8.8
87.9 231.3 10.0
68.7 549.3 8.8
59.6 467.6 10.5
30.5 559.5 8.5
28.5 213.5 8.5
20.5 403.5 9.2
466.5 17.5 10.0
464.5 496.5 10.0
412.7 79.3 9.6
409.0 103.0 9.2
310.5 31.5 10.0
300.7 509.3 9.6
289.0 475.0 9.2
253.0 547.0 9.2
251.5 376.5 10.0
230.6 129.2 11.3
229.0 419.0 9.2
222.8 199.2 9.6
221.0 441.0 9.2
215.0 291.0 9.2
109.0 110.6 10.5
106.6 507.4 10.5
103.0 39.0 9.2
52.2 553.0 10.5
13.0 41.0 9.2
11.0 411.0 9.2
466.5 30.3 11.2
438.0 10.0 10.8
401.3 408.7 10.9
367.3 433.8 10.4
295.8 119.2 11.1
296.9 271.9 11.2
295.8 553.3 11.2
291.7 567.5 11.2
261.7 46.7 11.2
232.0 504.0 10.8
184.4 608.1 11.0
171.0 10.0 10.8
66.3 371.7 10.4
65.7 513.7 10.3
58.4 502.1 11.0
461.8 482.2 11.2
450.2 300.5 11.5
395.5 528.5 11.5
385.8 10.2 11.2
358.0 48.0 10.8
343.5 434.5 11.5
309.5 388.5 11.5
293.3 70.1 12.4
293.8 128.2 11.1
289.2 430.2 11.0
263.1 238.1 11.5
257.7 100.3 11.2
236.7 248.7 12.7
231.7 570.3 11.2
152.2 4.5 11.5
139.5 491.2 11.5
77.8 276.2 11.2
71.9 360.9 12.2
61.1 526.1 11.5
24.6 48.1 11.4
8.8 510.5 11.5
473.2 388.2 12.0
471.8 110.2 12.7
466.6 317.8 16.6
445.5 61.8 12.6
353.1 426.4 12.9
327.5 334.5 11.5
293.5 229.2 12.6
267.3 452.7 11.9
255.7 189.7 12.3
217.5 396.5 11.5
209.1 139.4 12.9
169.9 151.1 12.5
165.8 28.8 12.1
118.6 359.4 24.2
113.3 96.7 11.9
94.3 342.8 11.9
49.3 376.7 11.9
39.9 234.9 12.8
33.2 8.2 13.1
19.1 24.1 12.8
453.3 38.7 13.8
407.0 293.0 12.3
377.0 189.0 12.3
353.0 448.5 13.8
323.0 287.0 13.8
316.0 63.3 13.8
293.0 280.3 13.3
276.3 391.0 13.3
243.0 138.0 13.1
205.4 93.1 20.3
176.5 355.5 13.1
141.0 93.0 12.3
115.0 487.0 13.8
103.0 305.0 12.3
80.5 445.5 13.1
57.0 7.0 12.3
55.5 169.5 13.1
55.3 458.7 13.8
470.0 476.0 13.8
445.7 77.7 15.4
442.3 104.2 15.0
418.0 7.5 15.4
415.5 419.5 14.6
306.3 249.0 15.4
278.9 527.7 31.8
197.6 301.6 24.6
188.0 66.0 13.8
185.3 133.7 15.0
171.7 89.0 14.4
165.3 572.0 14.9
141.5 201.5 14.6
126.0 88.0 13.8
106.0 80.0 13.8
77.5 379.5 14.6
75.5 207.5 14.6
72.0 14.0 15.1
52.1 354.4 16.1
52.0 442.0 13.8
48.0 494.0 13.8
32.6 69.0 15.4
20.8 569.2 16.7
471.5 555.5 16.2
459.2 100.7 16.5
453.0 535.0 15.4
429.8 336.8 17.2
429.0 469.0 15.4
395.0 291.0 15.4
365.0 107.0 15.4
345.0 406.0 16.2
329.3 99.0 16.4
305.5 352.5 16.2
303.0 614.0 15.4
288.0 179.0 17.1
283.0 445.7 16.4
280.2 13.2 16.9
245.0 345.7 16.4
223.0 304.3 16.4
188.7 378.7 17.3
183.0 176.2 17.2
177.7 316.2 15.8
97.5 93.5 16.2
96.6 365.4 16.9
33.0 543.7 16.4
24.0 299.3 15.9
25.0 593.0 17.4
458.8 453.6 17.8
424.0 100.0 16.9
414.0 134.0 17.7
414.0 440.0 17.7
381.3 54.0 18.0
382.0 109.0 17.7
373.5 18.5 18.1
302.0 28.0 17.7
260.4 263.3 18.9
222.0 544.0 16.9
211.5 117.5 18.1
170.5 440.5 19.0
158.0 286.0 17.7
150.7 600.0 17.4
139.4 540.3 40.0
132.7 385.2 18.3
47.5 577.0 18.1
424.7 286.3 19.6
250.0 58.0 18.5
235.1 228.6 19.5
194.0 250.0 18.5
163.2 330.4 19.6
128.6 238.6 19.4
66.2 314.7 19.6
44.8 96.3 19.6
22.6 182.6 19.4
388.0 204.9 23.7
333.8 19.7 33.4
309.2 83.6 22.8
234.5 55.5 20.8
110.5 334.5 20.8
86.8 215.3 21.9
458.1 373.9 23.7
454.3 176.3 24.2
409.3 324.7 26.7
386.8 249.2 25.5
345.0 79.5 24.2
328.5 549.1 26.0
322.1 423.9 24.1
318.2 584.1 24.4
295.6 50.2 24.9
294.1 371.9 23.7
278.7 254.2 24.2
235.4 28.6 25.0
234.5 457.9 24.5
141.8 574.8 23.8
135.2 281.8 24.2
88.5 508.2 24.1
87.7 321.0 24.6
34.3 129.4 25.9
19.6 528.4 23.7
467.5 300.5 25.4
455.3 16.2 27.7
433.3 309.3 26.2
376.8 521.8 27.4
374.9 278.4 27.1
304.2 404.2 27.7
271.5 358.5 25.4
261.5 12.5 25.4
257.3 317.3 28.5
215.1 344.6 28.0
211.8 65.3 27.1
200.3 419.3 26.6
195.0 272.5 25.4
81.2 476.8 26.4
55.2 214.2 27.2
24.5 492.4 28.1
425.0 171.8 29.6
426.6 542.8 32.0
274.4 72.4 30.2
254.5 119.0 30.1
240.5 170.6 30.5
241.5 532.8 29.5
117.3 208.7 29.1
80.4 163.3 31.2
26.5 574.5 30.0
18.2 238.2 30.0
445.1 411.5 31.5
256.4 498.0 33.6
51.5 22.3 35.6
22.1 271.9 34.3
332.0 260.0 35.4
244.0 258.0 35.4
167.1 411.3 36.8
138.6 64.3 39.3
75.2 64.7 39.3
459.0 135.0 41.5
439.0 507.0 40.4
380.0 345.8 40.5
336.3 369.8 43.9
320.3 141.0 42.4
236.1 616.7 39.2
411.2 375.8 43.8
351.5 234.7 46.9
347.5 304.5 43.8
297.6 314.5 49.3
259.3 414.3 47.8
100.5 259.2 47.6
95.6 546.4 45.6
267.7 579.1 50.0
202.0 212.9 49.6
85.4 120.4 50.0
47.3 410.1 49.2
439.8 588.2 57.6
418.5 41.1 57.1
167.6 108.5 58.6
130.1 158.0 57.9
375.6 567.5 65.8
201.8 570.3 67.4
120.6 432.1 66.0
391.0 474.1 72.9
378.3 153.0 72.8
313.3 474.8 74.2
343.0 46.0 78.4
195.1 488.7 82.5
412.0 94.0 65.0
447.0 231.0 101.0
434.0 190.0 7.0
313.0 176.0 32.0
341.0 199.0 27.0
369.0 212.0 13.0
357.0 210.0 7.0
378.0 231.0 7.0
383.0 226.0 6.0
397.0 278.0 6.0
370.0 384.0 35.0
376.0 373.0 6.0
415.0 351.0 6.0
449.0 350.0 7.0
166.0 214.0 39.0
149.0 190.0 8.0
237.0 80.0 55.0
202.0 30.0 37.0
103.0 28.0 16.0
91.0 21.0 6.0
114.0 38.0 6.0
155.0 46.0 8.0
130.0 40.0 82.0
36.0 76.0 57.0
34.0 175.0 67.0
25.0 151.0 21.0
40.0 171.0 7.0
57.0 134.0 7.0
103.0 225.0 5.0
81.0 189.0 6.0
19.0 334.0 50.0
60.0 565.0 13.0
197.0 397.0 16.0
219.0 385.0 60.0
252.0 383.0 8.0
278.0 343.0 28.0
276.0 465.0 10.0
282.0 628.0 22.0
328.0 618.0 65.0
420.0 636.0 25.0
459.0 633.0 30.0
168.0 637.0 36.0
138.0 614.0 8.0
84.0 590.0 7.0
88.0 575.0 6.0
19.0 608.0 10.0
12.0 636.0 13.0
443.0 456.0 22.0
267.0 167.0 7.0
320.0 218.0 7.0
476.0 42.0 54.0
467.0 40.0 5.0
450.0 70.0 19.0
478.0 187.0 10.0
460.0 340.0 7.0
475.0 366.0 21.0
457.0 425.0 6.0
474.0 432.0 9.0
474.0 512.0 73.0
478.0 513.0 17.0
476.0 542.0 8.0
480.0 573.0 16.0
470.0 570.0 8.0
478.0 602.0 9.0
393.0 620.0 44.0
375.0 635.0 21.0
366.0 608.0 5.0
331.0 620.0 6.0
349.0 635.0 9.0
294.0 606.0 6.0
177.0 616.0 26.0
77.0 651.0 146.0
30.0 617.0 11.0
43.0 558.0 6.0
61.0 518.0 45.0
40.0 479.0 30.0
64.0 469.0 27.0
66.0 440.0 33.0
84.0 395.0 26.0
93.0 356.0 43.0
170.0 308.0 60.0
168.0 366.0 50.0
230.0 316.0 31.0
219.0 277.0 23.0
214.0 245.0 30.0
212.0 165.0 9.0
226.0 187.0 5.0
276.0 162.0 6.0
269.0 137.0 23.0
285.0 106.0 9.0
177.0 68.0 7.0
196.0 1.0 37.0
231.0 1.0 17.0
295.0 14.0 6.0
254.0 41.0 6.0
14.0 31.0 17.0
47.0 48.0 7.0
35.0 221.0 6.0
63.0 255.0 41.0
69.0 278.0 31.0
108.0 374.0 6.0
126.0 484.0 9.0
146.0 454.0 8.0
143.0 524.0 42.0
192.0 634.0 6.0
402.0 599.0 7.0
398.0 434.0 8.0
443.0 291.0 7.0
447.0 321.0 7.0
258.0 220.0 6.0
249.0 222.0 10.0
264.0 225.0 5.0
304.0 231.0 6.0
324.0 233.0 6.0
337.0 62.0 6.0
318.0 44.0 12.0
357.0 66.0 8.0
372.0 66.0 6.0
379.0 70.0 7.0
390.0 66.0 8.0
376.0 79.0 6.0
406.0 117.0 11.0
398.0 114.0 6.0
400.0 177.0 8.0
319.0 177.0 7.0
125.0 447.0 5.0
310.0 490.0 9.0
298.0 493.0 8.0
333.0 491.0 8.0
