383.0 497.0 7.7
339.3 53.8 8.1
300.8 493.2 8.1
274.2 136.4 9.5
231.2 294.9 9.9
206.8 37.2 8.5
179.7 305.2 8.1
154.7 172.7 8.2
37.8 581.3 8.1
465.5 300.1 9.4
431.3 210.7 9.6
426.5 223.5 8.5
422.3 42.9 10.1
390.5 201.5 8.5
370.4 5.9 10.0
342.0 355.3 10.2
342.5 591.5 8.5
329.5 592.6 9.7
318.7 39.3 8.8
314.5 129.5 8.5
310.2 337.8 11.3
308.7 213.3 9.2
304.5 615.5 8.5
294.9 131.6 10.4
293.1 8.1 10.0
288.1 207.6 9.1
284.5 127.5 9.2
261.3 527.8 9.8
252.8 401.2 8.9
250.7 521.3 8.8
249.1 606.9 8.7
176.5 595.5 8.5
172.4 331.6 9.8
147.5 100.9 10.0
128.5 167.5 8.5
122.5 85.5 8.5
120.5 193.5 8.5
82.5 185.5 8.5
54.5 407.5 8.5
46.0 529.3 10.2
40.5 545.5 8.5
439.2 313.5 10.0
413.2 384.0 10.2
408.7 455.9 13.0
376.2 445.8 10.4
239.2 565.9 11.5
126.8 50.5 12.0
64.4 58.9 11.2
282.2 582.6 11.7
145.0 132.8 12.2
136.0 81.9 13.1
395.5 302.5 11.5
282.4 224.7 12.7
327.2 160.7 13.5
201.7 414.9 13.8
317.4 387.0 16.0
165.3 628.5 15.9
85.8 454.4 16.2
300.2 99.7 21.7
347.3 405.3 21.5
325.5 428.8 26.9
203.2 589.5 29.6
30.0 483.2 27.1
136.5 313.5 28.5
218.4 251.0 36.3
172.0 233.2 47.6
396.9 345.3 55.4
320.8 557.0 55.0
346.9 473.4 66.7
289.0 271.5 62.3
247.4 439.0 63.1
284.4 63.5 75.0
220.1 85.0 78.9
108.4 341.5 76.1
227.9 183.5 91.4
62.6 263.1 89.0
418.1 581.5 99.2
376.2 114.4 99.2
143.2 517.8 150.8
220.0 361.0 98.0
285.0 519.0 64.0
437.0 432.0 9.0
391.0 94.0 10.0
327.0 9.0 9.0
80.0 122.0 68.0
70.0 133.0 7.0
28.0 267.0 11.0
40.0 329.0 8.0
268.0 476.0 9.0
314.0 413.0 8.0
378.0 245.0 163.0
378.0 520.0 8.0
406.0 509.0 7.0
23.0 397.0 10.0
41.0 397.0 7.0
13.0 415.0 9.0
6.0 619.0 11.0
10.0 628.0 7.0
