459.0 461.0 7.7
454.7 45.3 8.1
451.8 618.2 9.2
439.6 519.0 9.5
415.0 63.0 7.7
409.2 11.2 8.5
382.8 47.2 8.5
382.8 520.0 8.9
316.7 44.7 8.2
310.8 127.2 8.5
308.5 179.5 8.2
305.0 373.0 7.7
290.2 139.2 8.5
265.8 166.2 8.5
212.8 553.2 8.5
166.2 451.5 9.0
163.3 582.7 8.2
148.8 273.2 8.5
471.7 478.7 10.3
462.4 558.7 10.6
453.3 580.1 9.4
448.2 523.2 9.7
444.5 398.5 8.5
405.2 529.6 10.7
394.5 517.5 8.5
382.8 309.2 8.8
339.5 215.5 8.5
330.5 99.5 8.5
322.5 433.5 8.5
262.5 271.0 9.6
254.5 193.5 8.5
254.5 233.5 8.5
220.5 119.5 8.5
210.5 500.5 8.5
202.3 633.3 9.2
189.5 510.5 8.5
184.5 117.5 8.5
174.0 164.0 10.0
160.5 237.5 8.5
154.7 489.3 8.8
134.6 469.9 9.4
116.5 515.5 8.5
96.5 369.5 8.5
10.5 567.5 8.5
471.2 598.8 10.4
421.7 373.6 11.2
383.0 149.0 9.2
381.8 359.5 10.0
278.4 140.5 11.6
270.6 628.3 10.4
260.7 393.3 9.6
139.3 573.5 11.0
395.6 396.8 10.9
282.6 157.5 11.6
412.1 410.5 12.4
225.7 147.9 11.8
163.0 344.4 11.9
34.1 512.7 12.3
16.1 211.8 12.2
457.5 272.5 12.6
463.5 313.5 14.6
400.0 482.0 13.8
298.7 32.0 14.9
169.5 594.7 16.9
50.2 194.2 17.3
280.3 397.7 19.6
432.6 253.1 24.1
295.4 92.9 22.2
358.2 109.5 36.0
259.6 364.0 33.8
149.9 546.5 40.4
417.0 45.8 41.6
329.5 269.5 37.0
318.0 128.2 46.3
100.2 280.8 45.8
229.0 534.6 41.5
116.3 476.4 45.0
360.8 346.6 47.1
298.6 233.6 49.3
66.0 38.9 50.4
53.6 250.2 52.2
186.6 145.9 56.6
79.8 185.3 57.9
266.4 296.1 65.6
202.5 84.2 68.7
121.1 107.1 99.3
316.4 510.6 127.8
331.0 321.0 27.0
53.0 439.0 8.0
8.0 366.0 138.0
44.0 628.0 30.0
389.0 360.0 47.0
386.0 79.0 6.0
396.0 234.0 7.0
399.0 222.0 7.0
471.0 222.0 8.0
471.0 302.0 7.0
472.0 391.0 29.0
118.0 329.0 11.0
173.0 637.0 10.0
193.0 456.0 7.0
210.0 489.0 7.0
222.0 424.0 8.0
157.0 165.0 7.0
104.0 210.0 7.0
316.0 98.0 7.0
387.0 30.0 6.0
455.0 134.0 11.0
409.0 188.0 7.0
423.0 191.0 8.0
368.0 264.0 66.0
470.0 359.0 6.0
473.0 352.0 6.0
346.0 424.0 5.0
459.0 479.0 5.0
428.0 500.0 8.0
433.0 512.0 7.0
125.0 254.0 7.0
283.0 83.0 5.0
89.0 402.0 6.0
305.0 406.0 7.0
314.0 366.0 121.0
270.0 598.0 44.0
388.0 281.0 7.0
430.0 139.0 6.0
379.0 84.0 6.0
191.0 471.0 7.0
120.0 565.0 6.0
445.0 169.0 7.0
442.0 189.0 6.0
471.0 425.0 6.0
454.0 454.0 7.0
308.0 431.0 7.0
230.0 200.0 7.0
