351.3 407.3 8.2
366.5 271.5 8.5
24.7 505.3 9.2
323.8 539.3 12.6
45.5 589.5 11.5
163.1 390.1 12.8
441.7 201.5 19.5
204.3 414.7 30.6
149.7 128.3 20.6
271.4 210.1 22.1
13.3 450.7 21.5
252.9 607.0 26.9
130.5 376.5 26.4
122.7 189.0 25.9
81.8 454.5 36.0
389.9 23.7 40.9
244.3 56.3 37.7
204.2 51.7 41.1
165.4 143.9 38.2
398.4 294.7 50.4
421.9 199.3 61.3
126.0 156.7 54.3
117.4 464.7 53.0
147.1 309.8 55.4
37.6 199.2 61.2
438.3 562.6 72.1
443.5 70.5 70.0
413.7 409.3 74.8
317.9 190.7 77.8
405.2 479.2 86.8
288.2 46.9 81.9
60.0 349.5 88.7
157.9 556.3 116.3
266.9 319.2 157.8
