412.7 199.3 8.1
344.7 7.3 8.1
264.8 320.5 8.5
235.0 217.0 7.7
181.3 291.3 8.2
115.8 543.3 8.1
107.3 86.0 8.2
24.1 572.1 8.6
22.8 461.2 8.5
20.8 557.2 8.1
7.2 250.2 8.9
476.7 138.7 8.7
448.7 43.3 8.8
434.4 550.0 10.5
397.3 509.3 8.7
393.8 284.2 8.5
390.5 196.8 10.3
380.8 329.7 9.2
380.5 492.5 8.5
359.3 135.3 8.7
353.4 15.1 10.1
352.7 577.3 9.2
347.3 321.3 8.7
342.5 107.5 8.5
338.2 79.3 9.2
338.5 330.5 8.5
332.7 105.3 8.8
318.5 431.5 8.5
313.1 57.4 9.0
306.5 8.5 8.5
274.7 481.7 9.2
272.7 395.3 9.2
244.7 13.7 10.0
239.5 582.8 9.2
238.5 389.5 8.5
231.1 79.4 9.0
222.4 93.6 10.8
211.5 485.5 8.5
210.5 91.5 8.5
203.3 479.3 8.7
194.5 257.5 8.5
188.5 267.5 8.5
180.5 21.5 8.5
170.2 294.8 8.8
164.4 193.8 11.1
164.4 409.0 10.3
154.5 307.5 8.5
154.2 501.2 9.2
128.5 212.5 8.5
126.4 611.6 9.2
115.5 563.1 9.8
102.8 473.2 8.8
96.3 423.3 9.2
85.4 448.2 8.8
76.5 441.5 8.5
56.5 111.5 8.5
51.5 477.5 8.5
37.1 113.7 10.1
28.5 443.5 8.5
26.7 365.3 9.2
24.7 506.0 9.2
14.7 513.3 8.8
457.8 447.5 10.0
298.6 460.6 11.1
188.6 522.1 10.4
118.6 470.6 11.1
26.0 339.5 11.2
457.1 23.7 11.5
431.8 477.5 11.0
417.9 561.6 11.0
386.0 360.0 10.8
300.9 597.5 11.2
286.0 160.0 10.8
151.3 219.5 11.2
22.2 95.8 10.4
430.5 358.5 11.5
417.7 446.3 11.2
251.8 384.2 11.2
207.6 358.4 12.1
113.3 109.7 12.3
71.3 347.9 12.3
63.9 536.1 11.9
38.7 552.7 11.9
28.7 240.1 12.1
14.5 400.2 12.0
425.1 334.4 12.9
395.9 372.6 12.5
303.5 362.5 12.6
237.2 565.6 12.6
135.1 524.4 12.9
469.2 624.8 13.5
435.0 23.0 13.8
359.0 214.3 13.3
222.5 549.5 13.1
215.5 257.0 13.8
197.0 397.7 13.3
195.0 490.2 14.1
470.5 467.5 14.6
405.5 421.5 14.6
400.0 458.7 14.9
390.2 244.3 15.0
348.0 621.2 15.7
318.0 110.0 15.1
293.6 63.6 15.7
167.0 542.0 14.6
151.0 258.0 14.6
117.7 623.0 15.9
94.0 134.8 15.7
24.0 534.5 15.4
468.0 269.0 16.1
445.0 57.0 16.6
427.2 92.0 16.6
386.5 311.5 16.1
371.0 24.3 16.4
365.6 582.4 16.6
306.0 551.0 16.2
268.0 445.0 16.2
210.8 212.7 16.5
202.8 521.2 16.9
109.0 500.0 16.9
103.0 354.7 16.4
94.7 487.7 16.9
45.2 202.5 17.1
44.0 393.0 16.2
34.4 424.8 16.3
19.0 124.0 16.9
464.7 587.3 17.7
383.0 448.0 17.7
302.4 571.2 17.9
264.2 124.2 19.2
191.1 136.9 17.8
67.6 77.3 18.7
13.2 424.2 19.2
439.1 152.1 19.8
429.2 45.8 19.6
421.7 110.7 20.0
419.1 142.9 19.8
413.3 278.3 20.0
404.6 320.2 21.2
362.4 606.1 21.6
350.8 88.9 20.4
306.8 475.8 19.2
251.7 402.9 21.1
245.9 255.7 21.2
242.6 91.1 21.2
240.9 547.1 19.6
224.7 272.9 19.8
198.9 415.1 18.9
131.8 543.9 21.4
88.3 463.9 21.0
85.6 228.4 20.3
17.6 222.7 21.5
13.5 475.1 20.1
461.7 547.7 23.5
443.1 128.9 21.9
379.3 56.0 24.5
258.3 425.7 23.9
241.6 117.6 22.2
224.3 403.7 23.8
214.5 133.8 23.4
199.9 545.0 22.1
154.9 334.2 21.4
143.2 125.4 22.7
104.4 520.4 22.2
69.9 136.6 22.0
65.7 216.1 22.3
38.1 517.3 23.9
35.4 485.8 24.0
469.0 488.0 23.1
449.1 101.8 24.7
418.3 530.6 23.7
404.2 176.0 25.3
396.4 344.5 24.4
361.7 275.2 25.2
330.9 453.0 26.1
324.6 561.1 24.2
314.1 235.9 24.1
289.1 496.6 24.8
286.3 313.7 24.2
278.4 589.6 24.4
206.4 334.4 24.6
204.9 378.4 26.3
184.1 564.5 25.6
164.2 519.2 25.9
146.8 616.9 25.9
130.6 28.4 25.4
122.4 585.8 26.7
109.7 442.3 26.3
107.0 191.7 25.2
97.5 166.2 25.8
69.7 293.8 25.8
69.5 369.2 26.1
45.7 351.8 27.0
19.6 196.6 25.6
463.8 154.5 26.9
458.4 412.0 27.5
425.4 383.1 27.3
405.5 48.2 27.4
398.6 126.7 27.4
393.0 597.6 27.5
349.3 491.4 28.2
332.6 21.8 29.9
317.1 75.8 29.6
270.6 562.7 27.4
248.1 331.5 27.3
200.3 107.9 27.1
178.3 87.7 28.5
173.1 314.9 29.5
139.4 444.1 28.8
136.0 297.4 27.5
129.1 334.4 27.3
129.5 365.5 28.5
111.1 405.5 28.0
98.6 328.7 29.8
76.5 504.5 29.3
350.6 351.7 30.8
327.4 591.8 32.5
304.8 617.2 29.8
301.1 31.1 30.9
222.5 14.5 30.0
199.8 287.1 30.4
140.3 475.3 29.9
119.4 142.3 33.2
76.5 108.9 30.0
66.4 172.4 32.8
57.6 564.1 31.2
46.2 447.4 32.1
40.5 602.6 30.8
39.6 75.6 31.4
424.4 585.3 33.3
397.4 81.7 35.4
391.3 550.2 34.8
377.0 152.3 36.0
365.5 238.5 34.2
353.6 530.3 36.5
278.4 344.7 35.0
232.7 467.3 32.8
226.4 432.5 33.8
215.7 576.2 36.2
198.2 161.8 32.6
165.8 40.4 33.7
164.5 362.0 34.4
163.1 148.4 34.9
149.9 567.3 34.2
106.4 248.4 37.0
102.4 292.1 33.7
433.6 499.7 37.8
274.4 90.1 37.5
267.7 521.5 37.8
248.9 294.6 37.8
227.2 505.1 38.8
184.9 228.4 37.8
138.1 179.8 38.8
91.5 547.7 37.4
83.8 594.3 39.8
67.9 406.1 40.5
55.0 37.4 39.8
326.1 137.3 40.9
317.0 299.8 40.5
289.1 413.7 41.7
262.7 45.8 44.2
176.6 438.9 42.8
142.0 81.4 42.1
96.4 26.4 41.9
36.4 146.6 42.3
324.8 383.2 48.5
291.6 186.7 46.7
451.5 301.6 51.0
443.3 189.0 52.7
369.3 408.3 50.6
246.4 156.6 53.6
55.2 255.9 54.0
223.0 120.0 6.0
228.0 57.0 6.0
306.0 117.0 7.0
282.0 141.0 5.0
285.0 129.0 7.0
289.0 117.0 5.0
278.0 116.0 5.0
418.0 129.0 8.0
448.0 263.0 7.0
463.0 241.0 7.0
433.0 269.0 5.0
399.0 299.0 8.0
378.0 344.0 6.0
370.0 379.0 8.0
332.0 347.0 7.0
325.0 326.0 8.0
311.0 329.0 8.0
437.0 464.0 12.0
453.0 482.0 7.0
410.0 512.0 7.0
394.0 531.0 5.0
388.0 572.0 7.0
378.0 627.0 5.0
375.0 612.0 6.0
194.0 591.0 6.0
194.0 613.0 33.0
174.0 600.0 6.0
189.0 508.0 5.0
208.0 497.0 7.0
217.0 478.0 9.0
220.0 534.0 8.0
14.0 295.0 48.0
10.0 234.0 7.0
87.0 85.0 8.0
34.0 380.0 7.0
14.0 358.0 7.0
19.0 440.0 8.0
156.0 421.0 8.0
219.0 310.0 8.0
234.0 234.0 7.0
260.0 210.0 8.0
253.0 204.0 8.0
217.0 180.0 8.0
39.0 534.0 8.0
53.0 505.0 9.0
65.0 527.0 6.0
78.0 528.0 5.0
228.0 372.0 6.0
268.0 381.0 7.0
