428.5 599.2 8.7
401.0 629.0 7.7
361.3 614.7 8.5
358.8 599.2 8.5
354.7 92.7 8.5
314.7 452.2 8.1
284.9 547.6 8.7
250.8 130.1 8.7
173.0 215.0 7.7
142.0 173.0 7.7
140.7 555.3 8.1
89.2 454.8 8.5
473.3 396.7 8.8
474.5 489.5 8.5
472.5 431.5 8.5
468.5 461.5 8.5
464.9 553.6 15.7
396.5 141.5 8.5
296.5 223.5 8.5
278.5 31.5 8.5
274.7 349.3 9.2
214.5 155.5 8.5
186.2 375.3 9.2
182.7 188.7 8.7
160.7 238.7 8.7
30.5 117.5 8.5
386.2 53.0 10.5
365.7 341.2 10.9
11.0 317.0 9.2
357.3 422.7 11.1
69.2 476.1 10.9
320.0 398.0 10.8
232.2 200.5 12.0
190.5 117.0 12.6
121.8 522.2 11.2
429.5 40.5 11.5
349.3 67.6 13.8
341.5 618.5 11.5
448.3 347.0 13.3
111.0 259.2 15.6
446.3 80.8 18.5
223.0 18.0 14.6
84.0 318.8 16.9
428.2 186.8 18.7
284.2 267.8 19.6
12.0 14.0 18.5
157.0 240.6 24.4
97.2 396.2 22.3
295.6 518.4 31.1
293.2 596.5 35.6
316.1 591.4 36.3
72.1 299.1 36.2
343.8 576.5 42.6
282.5 281.3 51.9
268.4 162.6 47.4
246.0 575.3 48.5
193.5 580.4 47.6
323.9 324.5 55.8
162.3 556.3 49.2
127.9 118.4 50.7
438.0 542.3 63.9
259.3 449.0 69.0
179.5 32.5 62.3
160.8 318.3 83.1
340.7 251.9 89.0
319.8 151.0 98.1
166.5 492.6 104.4
157.4 141.3 104.4
30.0 43.0 9.0
61.0 39.0 127.0
55.0 100.0 7.0
24.0 110.0 7.0
52.0 151.0 7.0
32.0 224.0 87.0
5.0 258.0 8.0
14.0 345.0 88.0
14.0 415.0 89.0
78.0 654.0 146.0
95.0 572.0 87.0
75.0 549.0 6.0
71.0 561.0 5.0
113.0 583.0 6.0
103.0 568.0 7.0
78.0 523.0 6.0
71.0 524.0 5.0
67.0 538.0 6.0
59.0 522.0 6.0
228.0 523.0 64.0
262.0 438.0 161.0
404.0 265.0 131.0
494.0 95.0 242.0
418.0 27.0 8.0
425.0 52.0 6.0
411.0 37.0 6.0
460.0 21.0 9.0
423.0 131.0 8.0
400.0 114.0 9.0
405.0 87.0 6.0
407.0 142.0 6.0
460.0 148.0 5.0
447.0 360.0 8.0
445.0 428.0 7.0
425.0 443.0 6.0
428.0 493.0 9.0
398.0 497.0 5.0
389.0 478.0 8.0
413.0 467.0 162.0
346.0 386.0 6.0
376.0 378.0 7.0
366.0 361.0 12.0
305.0 378.0 57.0
290.0 414.0 8.0
275.0 415.0 5.0
257.0 448.0 7.0
243.0 466.0 6.0
246.0 483.0 7.0
255.0 495.0 5.0
194.0 385.0 8.0
200.0 383.0 7.0
446.0 602.0 7.0
436.0 648.0 79.0
299.0 635.0 34.0
133.0 70.0 6.0
136.0 62.0 7.0
129.0 62.0 5.0
148.0 83.0 5.0
208.0 29.0 107.0
288.0 11.0 84.0
279.0 123.0 6.0
267.0 248.0 86.0
246.0 250.0 7.0
245.0 269.0 6.0
262.0 256.0 8.0
277.0 233.0 9.0
261.0 227.0 5.0
267.0 307.0 5.0
118.0 352.0 99.0
120.0 365.0 9.0
133.0 375.0 5.0
98.0 342.0 9.0
98.0 361.0 5.0
106.0 494.0 49.0
206.0 631.0 86.0
13.0 615.0 7.0
36.0 534.0 8.0
73.0 260.0 6.0
103.0 279.0 6.0
117.0 292.0 8.0
195.0 285.0 6.0
173.0 236.0 5.0
119.0 196.0 7.0
245.0 137.0 7.0
369.0 139.0 9.0
359.0 198.0 8.0
366.0 206.0 5.0
352.0 32.0 5.0
326.0 70.0 5.0
461.0 316.0 5.0
