167.5 107.2 8.5
139.0 521.0 7.7
428.5 303.5 8.5
179.4 223.6 11.0
169.7 12.3 11.2
35.5 175.0 13.8
240.1 384.1 26.6
132.9 301.6 38.6
246.4 482.9 57.2
287.7 341.8 63.8
332.8 415.0 69.0
353.9 518.1 75.0
208.0 521.5 79.0
110.2 151.5 85.5
418.4 198.4 103.8
72.8 350.0 92.5
243.5 251.4 103.6
297.3 99.7 155.2
8.0 267.0 108.0
368.0 636.0 135.0
179.0 615.0 37.0
103.0 41.0 107.0
142.0 465.0 6.0
91.0 519.0 6.0
98.0 520.0 5.0
186.0 41.0 5.0
479.0 390.0 124.0
494.0 563.0 63.0
454.0 20.0 78.0
-13.0 540.0 85.0
