366.7 582.2 8.1
301.8 487.4 9.1
266.7 215.3 8.1
203.1 383.3 8.8
180.6 64.6 9.2
181.0 547.0 7.7
167.8 253.4 9.1
85.0 283.0 7.7
466.6 371.1 10.1
458.5 115.5 9.2
436.5 237.5 8.5
406.5 587.5 8.5
378.7 560.7 8.7
361.1 605.4 9.4
352.5 253.5 8.5
316.5 77.5 8.5
278.0 492.7 10.2
256.5 295.5 8.5
240.8 290.3 8.9
220.5 409.5 8.5
168.5 565.5 9.6
162.5 601.5 8.5
146.5 557.5 8.5
142.3 473.7 9.7
87.9 367.6 19.6
48.5 361.5 9.2
20.2 220.5 9.0
235.5 212.5 10.5
129.0 165.0 9.2
103.0 297.0 9.2
73.0 443.0 9.2
37.6 527.2 10.2
33.5 472.5 10.5
427.5 36.9 15.9
275.6 103.7 34.9
218.1 326.2 11.5
169.3 515.8 11.2
152.5 617.5 10.0
114.0 412.0 10.8
113.2 41.8 11.6
404.1 610.1 27.7
298.0 168.0 12.3
169.6 610.4 13.5
153.8 120.2 11.2
106.0 136.0 10.8
439.5 288.5 11.5
419.6 132.9 12.9
294.7 538.9 13.7
178.2 308.5 13.6
142.4 441.1 13.3
101.5 622.5 11.5
72.8 389.8 13.6
13.5 480.5 11.5
125.0 155.0 12.3
106.5 154.5 13.1
94.0 404.4 14.5
85.9 127.0 14.9
49.5 410.5 13.1
29.0 511.0 12.3
470.0 268.5 15.4
413.5 424.2 15.1
283.5 227.4 17.1
268.2 288.6 14.8
252.3 215.9 16.5
232.3 531.7 16.2
191.5 537.5 14.6
166.3 85.7 15.4
121.5 316.5 14.6
119.5 376.1 16.8
114.0 394.0 13.8
92.2 330.8 15.6
81.6 181.9 16.0
74.0 423.6 16.0
461.3 281.2 16.5
440.5 251.5 16.2
422.4 149.9 16.7
407.0 266.3 16.9
316.0 515.5 16.5
185.7 340.1 17.9
171.8 174.6 16.3
136.4 324.8 18.8
101.0 245.0 15.4
45.0 229.0 15.4
453.9 30.6 20.3
451.9 382.8 19.1
267.3 408.0 17.9
252.0 24.0 17.7
197.6 439.4 18.6
157.2 278.8 17.8
60.0 294.0 17.7
383.7 585.0 20.0
362.3 375.7 19.8
190.8 310.8 21.4
58.9 186.7 20.8
466.3 174.1 21.7
425.3 275.1 23.8
423.0 66.0 23.1
397.7 527.7 21.9
336.8 71.2 21.9
259.4 509.1 24.6
214.7 212.7 21.5
195.1 517.3 24.7
157.7 322.3 21.9
158.5 347.5 23.3
92.9 224.4 22.5
85.3 149.5 23.5
23.9 260.5 21.7
23.7 569.3 21.9
460.0 159.0 23.1
428.3 50.8 24.2
421.3 109.9 24.5
331.7 95.3 24.4
322.9 119.4 25.6
210.6 526.9 23.7
209.5 238.5 26.7
189.0 260.0 23.1
149.2 604.4 24.0
143.1 302.0 27.2
77.0 551.0 23.1
71.3 310.0 24.6
72.3 344.2 28.5
41.0 177.0 23.1
460.9 138.8 28.5
416.5 218.3 29.0
401.2 250.3 28.5
279.2 314.2 27.1
255.0 535.0 26.9
230.2 184.1 29.1
202.5 178.0 26.9
100.4 302.4 27.6
66.7 210.8 29.4
44.6 204.1 27.3
30.4 39.0 28.2
32.3 283.3 28.0
352.7 295.2 29.5
296.9 67.3 30.1
270.5 178.9 33.2
213.5 477.1 30.0
128.1 125.6 31.7
122.3 351.3 29.9
21.8 503.8 31.0
19.9 125.8 32.0
416.9 185.0 33.5
334.6 538.3 34.5
302.1 196.6 32.2
179.8 224.2 34.2
176.5 281.5 35.3
154.7 535.1 34.0
59.5 55.5 31.5
369.5 507.5 37.7
306.0 108.0 35.4
216.7 412.0 38.8
209.4 284.6 39.3
109.6 457.4 40.6
48.5 155.3 40.1
192.0 494.0 41.5
140.7 497.3 42.0
405.6 394.0 46.3
293.7 136.1 46.4
246.0 254.6 50.9
227.2 54.5 47.1
171.0 463.6 46.2
65.9 256.4 47.1
440.7 343.7 55.4
377.0 260.0 49.2
212.1 567.3 55.4
131.5 223.1 52.6
65.2 102.9 52.4
378.7 333.2 60.0
419.1 480.0 65.7
312.7 264.4 66.4
254.5 361.6 79.2
249.2 447.1 70.0
160.5 401.5 73.8
137.5 162.5 70.0
123.6 88.3 72.8
76.6 506.2 73.7
428.8 559.1 87.8
379.8 99.4 83.2
357.6 188.4 86.7
211.4 122.7 88.0
108.5 584.3 85.1
340.5 443.1 100.1
335.0 19.0 80.0
402.0 19.0 48.0
232.0 30.0 21.0
171.0 4.0 104.0
61.0 2.0 90.0
88.0 204.0 37.0
119.0 271.0 60.0
151.0 262.0 11.0
64.0 441.0 55.0
118.0 440.0 41.0
317.0 325.0 63.0
424.0 299.0 57.0
464.0 217.0 73.0
441.0 185.0 13.0
432.0 153.0 21.0
475.0 73.0 75.0
462.0 60.0 10.0
471.0 90.0 14.0
375.0 545.0 29.0
317.0 513.0 47.0
290.0 608.0 121.0
71.0 574.0 15.0
25.0 552.0 28.0
8.0 559.0 14.0
25.0 435.0 50.0
24.0 403.0 15.0
11.0 333.0 73.0
11.0 283.0 16.0
27.0 246.0 45.0
20.0 92.0 16.0
22.0 85.0 27.0
257.0 178.0 54.0
299.0 215.0 31.0
277.0 249.0 41.0
404.0 230.0 27.0
37.0 390.0 16.0
49.0 398.0 11.0
167.0 550.0 9.0
180.0 563.0 9.0
156.0 537.0 8.0
32.0 614.0 72.0
74.0 606.0 13.0
112.0 5.0 27.0
437.0 -6.0 49.0
479.0 315.0 8.0
468.0 379.0 11.0
451.0 421.0 52.0
487.0 471.0 42.0
475.0 516.0 26.0
453.0 634.0 60.0
372.0 636.0 43.0
406.0 627.0 63.0
354.0 619.0 7.0
223.0 511.0 35.0
233.0 549.0 31.0
188.0 612.0 5.0
178.0 630.0 6.0
186.0 631.0 6.0
212.0 643.0 39.0
214.0 623.0 10.0
9.0 390.0 41.0
102.0 383.0 8.0
46.0 296.0 31.0
23.0 61.0 8.0
185.0 185.0 21.0
200.0 201.0 34.0
215.0 261.0 9.0
338.0 125.0 17.0
353.0 135.0 6.0
384.0 234.0 8.0
398.0 23.0 16.0
414.0 50.0 9.0
460.0 262.0 6.0
306.0 373.0 7.0
342.0 366.0 5.0
198.0 361.0 6.0
201.0 355.0 5.0
252.0 493.0 6.0
95.0 327.0 39.0
157.0 645.0 36.0
56.0 370.0 62.0
