325.8 542.2 5.5
223.5 360.5 5.7
49.3 276.7 6.2
27.7 172.3 6.4
442.8 319.2 7.9
439.0 563.0 6.0
315.3 331.3 6.7
295.0 417.0 6.7
233.0 463.0 6.0
56.7 85.3 6.2
450.2 412.2 8.8
386.2 41.8 7.8
360.5 27.5 6.3
304.5 131.5 6.3
421.4 206.6 7.6
322.0 313.5 7.7
312.0 144.0 6.7
296.0 432.0 6.7
245.7 320.3 6.8
244.0 268.0 6.7
238.2 469.8 7.2
228.0 280.0 6.7
225.9 528.1 8.2
144.1 331.9 7.9
134.0 64.4 7.7
109.8 42.2 6.8
62.3 127.7 7.2
215.5 610.5 7.0
211.6 256.9 7.6
149.3 542.7 7.2
95.7 276.3 7.8
425.0 349.0 8.0
414.7 19.3 7.5
321.0 231.0 7.3
316.7 177.3 7.5
296.8 425.2 7.5
243.3 536.7 9.2
186.9 409.1 8.7
164.9 479.6 8.5
163.0 179.0 7.3
135.0 321.0 8.3
119.1 278.9 8.6
96.7 235.3 8.2
76.8 261.2 7.9
48.9 101.1 8.2
454.5 425.5 8.7
408.5 305.5 7.7
360.5 73.5 7.7
356.5 21.5 8.3
330.5 329.5 7.7
232.3 522.7 9.1
209.0 40.2 8.7
200.9 565.8 8.5
194.5 43.5 8.3
194.2 103.8 8.5
89.0 460.2 8.7
66.3 451.7 8.7
449.8 450.2 8.8
428.0 580.0 8.0
362.0 140.0 8.0
356.0 134.0 8.0
303.9 170.1 9.4
227.6 222.4 9.2
131.9 342.5 8.9
128.6 58.4 9.2
16.2 294.7 8.5
465.1 618.1 9.1
446.8 226.3 8.8
245.9 474.8 9.6
220.9 200.4 9.6
209.3 104.7 8.9
195.4 280.2 9.7
130.8 364.3 8.8
111.3 340.7 8.9
41.6 86.4 9.6
420.8 408.8 10.1
384.8 66.5 9.2
327.0 599.0 8.7
316.2 430.8 9.7
284.4 265.1 9.7
249.3 102.7 9.8
220.6 141.4 10.0
152.5 186.2 9.9
113.5 621.2 9.9
70.6 570.6 9.7
20.2 587.8 9.7
426.1 420.6 9.9
382.0 248.0 9.3
378.3 559.7 9.6
240.6 494.1 10.1
135.0 289.5 10.3
113.7 555.6 10.0
110.3 385.7 9.6
106.8 548.0 9.9
96.5 535.5 9.7
28.6 365.9 9.6
18.5 59.5 9.0
16.5 31.5 9.0
421.6 431.6 10.2
409.9 339.6 10.4
407.6 545.2 10.1
377.2 112.4 10.1
334.4 179.1 10.4
303.4 541.8 10.3
263.9 514.1 10.1
123.7 268.3 10.0
118.2 483.8 29.3
93.7 442.3 10.0
78.3 439.7 9.8
66.2 113.8 9.8
63.6 497.8 10.3
56.2 270.4 10.3
26.0 162.7 10.2
353.6 190.4 11.1
299.2 558.8 10.3
167.6 257.7 10.7
119.2 290.2 10.3
85.2 568.2 10.3
453.0 126.0 10.7
400.5 347.5 10.3
374.0 233.0 10.7
370.0 579.0 10.7
307.8 389.5 10.8
291.8 533.5 10.8
264.5 25.5 10.9
202.0 255.0 10.7
193.9 144.1 11.2
138.5 363.5 10.3
136.2 49.8 10.9
116.0 543.0 10.7
106.0 65.0 10.7
26.0 301.0 10.7
439.7 62.3 11.5
393.3 48.7 12.0
379.3 486.7 12.0
325.5 288.5 11.6
321.5 198.5 11.0
307.2 423.7 11.9
293.5 158.5 11.6
277.7 216.3 11.5
259.5 186.5 11.6
191.0 470.5 11.9
177.7 198.3 11.5
169.5 332.5 11.6
117.7 364.3 11.5
77.9 620.9 12.5
69.3 90.7 12.0
63.7 602.3 11.5
57.5 94.5 11.0
367.2 42.8 12.5
351.2 241.7 12.5
333.0 521.0 12.9
209.0 571.7 12.9
181.3 248.7 12.5
93.0 262.3 12.9
426.7 99.3 13.2
350.8 31.2 13.2
318.2 33.2 13.1
248.8 503.2 13.2
192.5 209.5 13.6
95.0 81.0 12.9
86.8 239.2 13.2
454.5 19.5 13.6
402.0 460.7 14.3
246.3 86.3 14.6
192.0 344.0 14.3
182.5 563.5 13.6
164.3 401.7 13.9
104.5 563.5 13.6
39.3 432.0 14.3
345.5 10.5 15.0
266.0 444.0 14.3
259.5 388.5 15.0
234.7 288.2 14.6
225.5 623.5 15.0
197.8 188.2 14.6
194.8 395.8 15.0
176.5 523.9 15.3
82.0 582.0 14.3
43.8 68.2 14.6
391.5 34.5 15.0
157.2 132.8 15.4
113.3 22.7 15.4
428.5 241.5 16.4
321.2 400.8 17.1
258.1 215.4 16.2
340.7 140.0 17.1
283.0 126.2 17.4
196.5 230.8 17.9
135.6 383.9 17.0
24.2 543.0 17.9
430.0 40.0 17.1
415.8 34.2 18.6
388.0 16.3 18.6
233.5 354.5 17.9
149.7 572.7 18.2
278.2 514.6 19.0
205.3 155.5 18.7
93.4 289.9 18.9
94.0 472.8 19.3
283.0 443.6 20.2
19.3 54.7 19.6
134.7 550.2 21.1
210.4 122.1 20.9
121.1 405.7 20.7
160.0 552.0 22.9
313.8 159.5 23.1
268.7 70.7 24.3
266.5 425.0 23.6
264.2 537.5 23.8
219.5 245.5 22.9
453.5 431.8 24.5
284.1 553.0 26.0
213.9 215.1 25.2
185.5 543.5 24.3
67.5 478.5 25.0
415.5 74.5 27.9
401.0 439.7 29.5
343.8 219.4 29.3
286.9 102.9 29.1
89.8 360.5 29.9
101.4 316.3 30.6
329.8 188.2 31.8
94.2 412.2 32.9
126.3 181.3 35.0
226.7 437.3 36.4
140.7 515.0 38.4
299.0 214.5 40.1
236.8 179.4 38.9
230.3 539.0 40.0
390.6 218.6 42.7
214.0 495.6 44.3
165.7 227.7 42.9
174.4 160.7 48.5
86.1 169.0 48.8
245.4 229.1 54.8
119.9 586.4 50.0
57.0 307.1 50.9
354.0 599.0 51.4
245.0 588.9 53.2
176.1 305.3 53.9
59.7 404.2 54.9
307.7 268.2 56.7
313.4 373.1 59.6
250.8 123.7 60.2
176.6 595.2 57.6
173.9 56.5 59.3
176.0 367.3 61.7
163.4 431.6 62.0
70.6 42.8 60.4
404.8 130.8 64.2
375.5 399.8 66.5
324.8 545.7 65.1
263.4 320.6 63.3
51.6 214.7 65.0
358.4 311.9 72.7
59.8 548.1 73.5
333.8 76.8 78.5
328.9 472.4 77.7
122.8 110.5 81.3
160.0 263.0 21.0
8.0 190.0 10.0
15.0 142.0 52.0
15.0 84.0 50.0
5.0 55.0 10.0
6.0 43.0 9.0
24.0 10.0 42.0
51.0 7.0 10.0
89.0 1.0 25.0
123.0 3.0 18.0
136.0 5.0 56.0
232.0 25.0 55.0
376.0 0.0 15.0
404.0 9.0 12.0
473.0 4.0 11.0
471.0 89.0 59.0
440.0 187.0 67.0
431.0 164.0 14.0
460.0 289.0 85.0
463.0 386.0 73.0
474.0 433.0 14.0
444.0 498.0 83.0
458.0 577.0 64.0
475.0 617.0 8.0
405.0 627.0 73.0
301.0 620.0 64.0
260.0 631.0 11.0
195.0 635.0 8.0
159.0 630.0 14.0
143.0 610.0 19.0
95.0 629.0 21.0
56.0 611.0 6.0
19.0 627.0 56.0
8.0 461.0 70.0
5.0 515.0 12.0
11.0 385.0 29.0
29.0 351.0 8.0
200.0 268.0 12.0
216.0 98.0 9.0
234.0 79.0 6.0
205.0 84.0 7.0
201.0 97.0 6.0
409.0 251.0 7.0
399.0 264.0 5.0
405.0 244.0 5.0
407.0 367.0 8.0
393.0 476.0 6.0
462.0 44.0 14.0
454.0 45.0 5.0
477.0 35.0 6.0
274.0 572.0 5.0
168.0 538.0 5.0
12.0 183.0 18.0
