429.9 602.1 7.9
401.7 629.9 8.9
371.8 586.2 8.1
366.7 413.3 8.1
350.8 259.2 8.5
246.3 529.0 9.2
241.5 360.5 8.7
231.7 311.5 8.8
218.8 399.2 8.8
198.7 55.3 8.1
170.4 126.9 8.8
149.0 57.0 7.7
119.2 172.2 8.5
91.0 67.0 7.7
15.6 343.2 8.3
464.7 541.3 8.8
447.0 85.2 10.4
432.7 538.7 8.7
432.5 577.5 8.5
416.8 31.5 10.9
408.5 383.5 8.5
405.1 479.4 9.4
364.7 125.3 9.2
341.8 456.8 9.1
314.3 55.3 9.2
313.5 159.5 8.5
311.5 206.5 8.5
308.7 43.3 9.2
308.5 89.5 8.5
306.7 215.8 9.2
304.2 549.2 9.0
295.1 172.4 8.7
289.8 31.4 10.4
284.5 179.5 8.5
266.5 333.5 8.5
254.1 172.9 9.8
190.5 363.5 8.5
147.7 143.8 9.7
132.5 99.5 8.5
34.7 208.2 8.8
30.1 228.6 9.6
30.3 610.7 10.0
26.8 40.9 10.2
26.2 109.4 9.5
26.0 264.0 9.2
20.0 113.4 10.1
458.8 66.9 10.9
455.3 37.2 10.5
69.1 583.2 11.2
60.5 297.5 10.0
430.1 45.4 11.7
318.5 280.3 11.2
274.0 421.5 11.5
205.9 306.1 11.7
175.8 137.6 11.5
158.2 494.1 11.9
130.8 389.8 11.0
124.7 210.3 11.9
114.7 218.4 11.0
436.2 6.2 11.7
334.4 477.9 11.7
309.5 395.5 11.5
307.4 431.4 12.5
269.8 263.4 11.7
224.9 164.1 12.1
146.0 111.3 12.3
59.3 316.3 12.5
465.4 75.2 14.0
391.6 570.4 12.1
356.3 112.8 13.0
283.4 110.6 13.3
249.2 125.4 13.7
209.5 378.5 11.5
179.4 79.6 13.7
144.4 186.6 13.8
137.6 18.9 12.9
125.3 232.7 14.0
64.4 282.1 14.0
388.3 589.0 13.3
369.0 628.4 14.9
346.5 512.5 13.1
315.7 234.6 14.7
79.3 277.3 14.5
65.6 265.6 14.4
457.7 513.7 15.4
431.0 430.0 14.6
418.2 346.6 15.4
411.7 368.3 15.6
403.7 413.5 16.6
343.7 525.0 14.4
329.1 374.9 16.0
204.0 364.0 15.4
142.0 570.0 13.8
135.5 419.5 15.1
130.3 583.5 15.0
96.2 534.6 14.8
91.5 364.0 15.4
72.3 215.0 14.3
60.5 379.5 14.6
50.7 466.1 16.2
48.3 442.2 15.0
445.3 17.8 16.9
421.5 291.3 16.9
368.6 346.2 16.0
256.8 551.4 16.7
231.4 550.2 17.3
221.7 191.2 17.3
204.4 486.2 17.2
168.0 7.0 15.4
164.0 608.7 15.9
96.9 568.8 18.1
91.4 598.6 16.9
342.3 339.7 19.9
324.0 406.7 21.0
153.9 123.7 19.4
143.7 479.1 18.6
72.0 197.3 18.0
342.1 267.3 21.1
318.9 12.6 21.7
263.9 521.2 19.7
219.3 20.5 22.3
217.8 618.8 19.6
186.1 585.3 22.6
117.6 599.6 21.2
91.6 158.4 21.3
28.9 58.4 21.0
17.2 160.8 21.5
470.5 537.5 20.8
465.7 15.4 22.0
444.9 458.7 21.8
431.7 371.0 22.9
424.7 83.3 23.6
300.1 126.7 23.4
271.9 18.6 22.0
243.4 16.3 22.0
150.4 231.9 23.7
146.5 597.0 23.5
136.8 41.2 22.9
119.0 183.6 23.1
60.5 239.5 20.8
345.6 445.9 25.6
163.3 491.7 26.9
120.1 150.5 26.6
116.4 553.9 27.2
114.0 14.3 24.5
55.1 390.9 26.8
44.7 84.8 24.7
451.0 123.7 32.5
373.8 251.0 27.6
247.5 618.5 25.4
240.9 249.7 32.8
222.5 95.7 27.1
147.5 201.8 27.4
109.0 379.2 28.7
85.6 441.3 27.1
451.3 394.6 30.7
441.8 261.3 33.9
263.4 400.1 31.1
233.6 383.2 30.2
234.6 483.0 34.1
230.5 66.8 30.1
222.5 210.3 32.6
141.1 524.2 34.0
136.9 453.3 30.5
77.3 255.1 31.4
385.3 389.4 34.2
369.7 618.3 32.8
336.4 295.0 33.3
320.6 150.0 33.6
159.8 99.7 34.9
61.3 423.2 33.5
40.3 294.5 35.2
19.0 368.0 31.5
18.5 103.5 31.5
443.7 44.8 38.9
383.7 430.5 40.0
310.3 270.5 41.4
265.4 293.3 37.6
228.4 285.6 37.4
160.6 371.7 40.2
31.1 583.4 39.6
375.4 28.0 45.1
126.8 349.7 43.0
70.3 503.1 41.6
454.1 226.0 46.8
344.0 227.0 46.5
205.2 134.0 51.2
176.2 412.6 49.7
131.0 300.4 47.7
108.5 109.3 47.7
390.3 289.8 54.4
305.9 592.6 52.6
282.3 224.3 53.1
271.7 454.8 52.4
187.9 533.9 53.8
182.1 186.8 52.1
58.1 36.1 58.1
418.7 579.8 58.9
189.5 326.8 62.5
291.6 352.5 74.2
396.2 173.4 98.5
378.0 32.0 6.0
379.0 15.0 6.0
377.0 57.0 6.0
400.0 88.0 7.0
413.0 68.0 6.0
414.0 90.0 11.0
431.0 118.0 5.0
308.0 164.0 7.0
306.0 61.0 6.0
161.0 29.0 7.0
166.0 18.0 8.0
98.0 232.0 6.0
128.0 257.0 6.0
160.0 284.0 7.0
159.0 308.0 6.0
79.0 534.0 20.0
86.0 553.0 7.0
75.0 614.0 55.0
61.0 627.0 5.0
218.0 602.0 7.0
284.0 390.0 6.0
294.0 392.0 6.0
303.0 412.0 5.0
309.0 420.0 6.0
337.0 385.0 7.0
383.0 326.0 6.0
351.0 97.0 6.0
368.0 89.0 6.0
415.0 430.0 6.0
429.0 440.0 5.0
132.0 235.0 7.0
419.0 381.0 6.0
