195.8 212.2 6.2
118.0 148.0 5.3
447.3 44.7 6.5
154.8 327.4 22.8
419.0 619.0 6.0
200.8 565.2 6.6
446.5 623.5 7.3
412.7 72.1 18.8
360.3 163.7 6.5
191.5 274.5 20.5
96.2 577.8 6.5
55.3 486.0 17.2
230.0 140.0 6.7
203.2 605.4 34.9
422.5 547.0 7.7
379.2 216.8 7.8
342.0 123.0 7.3
310.2 131.6 16.8
239.7 106.3 7.8
231.5 188.5 7.0
219.5 360.5 7.0
106.6 330.2 15.9
400.8 33.2 8.3
297.0 165.0 7.3
248.7 111.3 7.5
247.5 33.5 7.7
166.8 548.5 10.9
151.0 137.0 8.0
370.2 511.8 8.5
312.5 573.5 7.7
260.5 183.5 8.3
220.5 389.5 7.7
190.0 385.5 8.3
158.9 279.8 8.9
112.5 233.5 7.7
447.8 522.2 8.6
353.7 44.3 8.2
353.8 138.8 9.3
314.5 372.2 9.4
52.0 74.0 8.0
247.3 226.7 8.9
57.2 408.8 9.6
438.8 197.2 8.8
400.7 301.3 9.3
237.4 291.0 10.0
184.1 540.7 9.8
465.3 164.9 16.3
362.5 295.5 9.0
185.9 236.1 9.8
174.1 101.4 9.9
164.5 567.5 9.0
122.0 127.6 10.1
102.6 507.5 25.7
80.5 589.5 9.7
53.9 593.4 27.5
317.9 396.1 10.1
316.7 260.0 10.2
282.3 173.7 9.8
56.0 395.3 10.2
450.5 451.5 18.4
377.2 22.2 10.3
345.2 411.3 10.5
341.5 614.5 9.7
245.2 514.0 26.7
47.5 346.5 9.7
386.5 401.5 10.3
318.5 233.5 10.3
317.2 282.2 11.2
299.0 205.0 10.7
294.5 191.5 10.3
261.5 138.0 27.1
226.0 312.0 10.7
212.2 473.8 10.9
198.5 253.5 10.3
108.9 542.7 29.2
100.5 137.5 10.3
68.5 481.5 10.3
54.0 293.0 10.7
407.5 50.5 11.0
293.7 312.3 11.5
235.5 446.5 11.0
235.3 488.7 12.0
229.5 230.5 11.0
219.5 350.5 11.0
159.5 226.5 11.0
119.5 82.5 11.0
71.5 382.5 11.0
448.0 186.0 11.4
148.0 98.8 12.6
52.0 34.0 12.4
403.9 606.1 13.8
350.3 502.5 13.3
299.2 235.7 12.5
285.7 145.0 12.9
131.3 498.7 12.5
71.0 251.0 12.9
69.3 464.7 13.3
332.6 148.6 14.0
330.5 274.2 13.6
318.7 93.3 13.2
315.2 185.5 13.6
290.8 17.2 13.2
198.7 373.3 13.2
193.3 125.3 13.9
251.0 313.6 14.9
85.4 291.0 45.4
392.9 44.3 15.3
227.4 140.9 15.6
169.5 203.5 15.0
62.0 50.0 14.3
389.2 528.8 15.4
319.0 159.7 15.7
301.0 162.4 16.5
273.6 26.9 16.2
235.2 472.8 15.4
169.5 390.5 15.0
428.7 603.1 17.2
378.7 374.9 17.1
281.2 237.7 16.8
277.2 587.4 17.3
222.4 385.1 16.6
220.3 215.7 16.8
129.0 277.5 17.5
70.2 213.7 18.2
449.5 478.5 17.9
354.7 165.3 18.2
324.5 38.7 18.1
322.5 545.5 17.9
247.9 403.1 18.7
158.5 380.3 18.6
288.2 210.8 18.2
210.7 118.7 19.9
129.3 427.8 18.2
191.1 237.0 19.9
82.7 332.6 20.1
368.6 517.4 20.6
356.5 290.2 20.2
321.0 122.4 22.9
160.1 82.9 20.5
152.3 561.7 19.6
67.3 200.0 20.0
41.8 411.4 20.7
203.5 502.0 23.2
380.5 194.8 21.7
261.5 316.5 20.7
211.5 486.5 22.1
457.5 611.8 22.6
342.3 351.7 23.6
156.4 133.6 24.0
93.2 481.5 23.1
86.5 249.0 23.6
31.6 481.2 23.4
406.5 558.8 24.1
225.7 307.0 25.2
93.5 577.7 24.7
39.4 381.1 26.0
461.5 195.5 26.4
436.8 533.8 27.1
416.0 50.0 25.7
172.3 62.0 26.7
387.9 392.7 28.7
358.7 212.5 27.6
311.7 214.3 27.9
243.9 106.5 28.7
159.0 502.1 28.8
135.3 522.7 29.3
129.0 310.9 29.1
32.6 49.6 28.6
454.2 368.7 29.6
307.6 372.4 29.9
306.9 573.3 30.4
234.5 184.5 28.6
218.1 356.4 29.8
182.0 318.0 30.7
174.9 359.1 29.6
166.1 591.6 30.4
47.4 77.2 30.3
305.5 352.5 29.3
225.2 542.2 31.2
137.5 147.7 31.9
75.2 170.4 30.9
309.5 432.5 32.5
171.9 555.6 32.3
62.1 361.0 33.0
434.9 511.7 35.3
331.4 520.4 35.5
296.3 607.1 34.1
249.1 276.8 38.0
189.8 535.0 34.8
162.9 298.5 35.0
158.1 273.1 34.1
436.2 333.2 36.4
406.1 305.3 36.8
341.1 559.2 36.8
335.9 183.4 36.9
265.2 431.2 36.4
178.6 97.4 35.9
112.0 254.4 41.0
87.3 432.7 38.2
145.8 39.3 39.6
44.0 311.3 40.5
449.4 415.0 40.8
277.7 287.6 41.3
422.4 375.0 43.8
376.4 583.1 43.6
351.0 254.0 44.3
293.0 52.3 43.3
241.8 580.7 43.6
177.5 466.5 44.3
132.8 577.5 44.6
445.9 156.8 45.8
166.1 234.1 46.2
126.7 461.8 47.1
43.8 447.9 46.4
447.0 573.0 47.2
327.5 315.1 49.2
310.8 271.6 50.6
279.3 540.2 50.9
271.2 351.9 48.1
95.0 78.5 49.3
298.6 483.5 56.0
283.2 90.3 52.7
85.1 131.6 51.4
438.8 100.8 55.4
389.1 154.3 56.1
274.4 184.4 57.1
216.8 59.7 60.2
192.1 168.4 60.2
117.1 197.7 64.3
208.4 419.1 66.2
366.5 84.2 70.0
419.1 239.9 75.9
115.9 382.4 76.1
379.5 456.6 106.2
67.0 226.0 15.0
22.0 257.0 76.0
5.0 289.0 17.0
24.0 336.0 44.0
29.0 175.0 68.0
18.0 108.0 54.0
56.0 99.0 20.0
67.0 60.0 32.0
14.0 4.0 71.0
105.0 10.0 60.0
83.0 28.0 17.0
119.0 61.0 20.0
203.0 12.0 9.0
372.0 17.0 39.0
413.0 9.0 41.0
463.0 7.0 65.0
440.0 23.0 19.0
443.0 22.0 6.0
468.0 43.0 25.0
480.0 158.0 25.0
470.0 238.0 26.0
467.0 302.0 57.0
468.0 453.0 47.0
470.0 503.0 5.0
467.0 502.0 10.0
480.0 602.0 30.0
443.0 625.0 24.0
395.0 637.0 34.0
367.0 625.0 45.0
333.0 608.0 9.0
335.0 611.0 31.0
306.0 574.0 6.0
311.0 639.0 39.0
248.0 640.0 74.0
201.0 637.0 23.0
159.0 624.0 30.0
129.0 635.0 26.0
101.0 619.0 51.0
52.0 633.0 33.0
15.0 605.0 45.0
50.0 540.0 79.0
78.0 497.0 11.0
10.0 400.0 30.0
8.0 442.0 21.0
10.0 493.0 36.0
190.0 373.0 10.0
193.0 346.0 8.0
226.0 331.0 43.0
237.0 231.0 7.0
162.0 192.0 6.0
335.0 131.0 13.0
340.0 147.0 28.0
402.0 119.0 16.0
291.0 251.0 12.0
333.0 223.0 20.0
335.0 221.0 6.0
343.0 370.0 55.0
378.0 292.0 26.0
375.0 295.0 6.0
355.0 303.0 9.0
249.0 547.0 11.0
149.0 609.0 11.0
255.0 389.0 33.0
365.0 196.0 18.0
260.0 123.0 34.0
