476.7 573.3 8.1
473.5 362.5 9.2
469.0 187.0 8.5
454.8 371.2 8.5
451.8 13.3 8.1
432.7 469.3 8.9
418.8 268.5 8.5
408.9 82.4 9.6
406.8 615.5 9.5
404.8 315.2 8.5
388.8 585.2 8.5
354.8 434.5 9.0
352.0 583.3 8.7
345.1 320.6 9.6
325.1 85.4 9.6
313.0 239.0 7.7
308.4 60.9 10.4
298.8 41.2 8.5
293.0 235.0 7.7
282.8 425.2 8.1
269.0 143.0 8.5
248.8 217.2 8.5
236.7 343.3 8.1
220.6 123.4 9.2
221.0 485.0 7.7
178.7 577.3 8.1
154.7 354.8 9.6
123.3 405.3 8.2
105.0 87.0 7.7
89.1 471.3 8.8
76.8 453.2 8.5
75.8 61.3 9.6
72.6 624.6 8.9
60.7 191.3 8.7
57.0 83.0 7.7
38.5 69.5 9.2
19.3 313.3 8.5
12.6 84.9 9.0
465.4 305.5 10.0
465.1 281.9 10.2
462.5 239.5 8.5
460.5 467.5 9.2
458.5 407.5 9.6
456.2 85.8 10.0
456.5 401.5 8.5
444.5 221.5 8.5
424.2 88.5 9.0
419.3 9.7 10.0
404.5 435.5 8.5
402.7 204.0 10.5
398.2 521.8 9.0
391.9 502.9 10.6
392.6 602.3 10.6
371.7 265.7 10.5
372.3 353.3 9.2
368.5 585.5 8.5
367.1 209.4 9.4
361.1 393.9 10.2
355.9 209.7 10.0
348.5 197.5 8.5
346.0 575.3 9.2
342.8 616.3 8.8
336.5 358.3 9.7
336.2 591.0 9.5
323.2 500.8 10.1
324.7 591.3 8.8
318.5 179.5 9.2
314.7 353.3 8.8
306.7 360.1 10.3
304.5 221.5 8.5
296.5 261.5 8.5
285.2 459.5 9.0
281.9 357.3 9.1
274.4 405.1 9.8
272.5 449.5 8.5
268.7 575.3 8.8
262.5 133.5 8.5
255.3 111.3 8.7
250.3 359.1 10.1
250.3 454.7 8.8
243.7 57.3 9.7
240.0 188.0 10.3
237.3 166.0 8.7
236.0 192.0 9.2
224.5 177.5 8.5
216.2 373.4 9.5
212.1 285.9 10.2
208.5 497.5 8.5
196.7 391.3 8.8
185.0 155.6 10.8
180.6 53.2 10.9
172.5 125.5 8.5
172.5 591.5 8.5
170.5 279.5 8.5
164.5 121.5 8.5
160.2 29.2 9.2
160.5 285.5 8.5
158.5 205.5 8.5
155.0 443.5 9.6
152.5 151.5 9.6
146.5 45.5 8.5
144.5 89.5 8.5
138.7 234.2 8.8
139.3 289.3 9.2
126.0 122.4 9.8
126.9 177.9 10.3
124.7 158.7 9.2
118.5 527.5 8.5
108.5 139.5 8.5
104.5 199.5 9.6
101.3 345.9 10.3
100.5 159.5 8.5
92.1 175.6 10.9
88.7 144.2 8.8
86.5 329.5 8.5
82.7 414.0 9.2
78.1 333.9 10.2
78.5 473.5 8.5
72.5 238.3 9.4
66.5 535.5 8.5
64.4 54.1 11.2
56.7 45.3 8.8
56.5 148.3 9.7
54.5 329.5 8.5
50.5 11.5 8.5
38.6 249.9 10.2
27.3 593.3 8.7
28.7 607.3 9.2
20.2 138.8 9.5
14.6 384.2 10.2
397.3 70.7 10.4
387.5 562.5 10.0
381.2 458.8 10.0
329.0 267.0 10.8
319.0 540.3 10.8
313.3 548.7 10.4
281.9 614.6 11.0
272.9 552.8 10.7
263.9 462.6 11.0
205.4 412.6 11.0
195.0 179.0 9.2
175.4 96.6 11.0
139.8 543.2 10.4
130.2 39.2 9.5
471.0 169.0 12.3
460.6 56.4 11.3
412.4 114.6 11.7
400.1 378.5 11.5
393.6 89.2 12.2
352.1 78.2 11.8
337.8 89.5 12.5
329.3 191.2 11.2
311.5 581.5 11.0
304.5 326.3 11.2
292.1 409.3 11.9
282.6 31.0 13.3
268.9 23.7 12.7
210.3 473.7 10.4
204.4 173.1 12.5
205.7 243.0 12.3
197.3 401.8 11.1
188.8 482.3 11.2
166.7 431.6 11.7
161.3 491.5 11.2
144.2 55.3 12.3
125.0 284.0 10.8
97.2 27.8 12.0
88.3 316.7 11.9
87.2 437.6 12.0
38.4 386.1 11.0
6.5 167.5 10.0
456.7 357.7 12.8
421.9 389.9 12.5
399.7 444.3 11.2
333.9 391.7 12.2
323.9 284.5 12.2
301.9 206.5 12.2
269.5 197.5 11.5
212.7 542.4 12.7
206.1 261.9 12.2
202.1 522.4 12.1
198.9 491.1 12.9
195.6 374.8 12.4
195.8 584.2 11.2
151.8 330.2 11.1
119.9 329.1 11.7
113.6 180.9 12.1
111.2 241.3 13.2
111.5 284.5 11.5
90.8 460.5 11.5
46.7 292.1 12.2
39.5 275.5 11.5
458.1 530.9 13.2
394.8 346.8 12.6
353.3 257.1 13.1
318.9 51.1 13.5
311.3 260.7 13.5
303.3 543.8 11.9
301.8 569.4 12.3
279.5 130.5 12.6
244.9 386.7 13.1
231.3 112.9 14.9
193.3 138.9 13.7
191.5 324.5 11.5
187.3 612.7 11.9
131.5 516.5 12.6
113.5 340.5 12.6
98.8 250.5 12.6
69.6 225.4 13.6
29.8 47.1 14.6
444.3 75.0 16.1
424.0 477.3 13.8
405.0 425.0 12.3
380.6 130.0 14.7
379.0 599.5 13.8
250.5 199.2 13.6
231.5 411.5 13.1
36.0 339.3 13.8
473.5 618.5 14.6
470.4 119.8 17.4
293.7 555.7 15.4
272.0 418.7 16.2
252.0 130.9 16.1
243.3 332.0 14.9
228.7 426.0 14.9
208.0 384.0 15.4
193.4 270.3 15.9
187.0 242.6 16.0
181.2 346.0 15.1
156.0 298.0 13.8
155.8 382.3 15.0
129.2 81.4 16.6
124.7 216.7 16.6
27.0 366.3 15.4
463.4 100.9 17.5
436.5 356.0 16.2
431.1 325.1 17.3
382.8 394.8 16.9
360.8 10.9 17.7
357.0 493.7 16.4
329.2 118.5 17.4
321.3 378.0 15.9
277.9 99.1 17.9
267.4 82.4 18.6
236.3 361.1 16.9
212.5 426.5 16.2
209.0 579.3 17.4
199.0 349.0 15.4
187.7 216.9 16.9
141.2 127.1 17.8
104.5 434.5 16.2
97.2 297.5 25.1
69.4 297.2 24.6
20.2 231.2 17.9
448.4 389.3 19.1
393.4 274.6 19.2
372.9 223.4 18.5
261.3 316.0 18.0
259.7 62.9 19.8
222.3 217.6 27.1
170.5 72.9 21.1
159.2 559.5 19.0
147.1 72.0 19.1
131.6 362.8 17.8
126.7 478.4 18.7
85.3 347.3 17.4
70.0 161.2 19.6
29.0 561.0 17.7
15.3 119.6 18.7
14.1 406.3 18.6
468.4 77.9 20.9
356.6 514.9 19.8
322.7 459.0 19.9
319.5 428.5 20.1
175.1 517.7 19.9
129.3 559.6 21.5
451.4 167.9 23.8
443.2 31.8 23.2
434.0 522.8 23.8
366.1 449.7 23.1
311.3 483.6 23.1
193.0 82.0 23.1
193.8 196.8 21.9
137.2 266.2 23.8
114.0 601.4 23.1
69.5 112.0 23.3
46.4 540.1 22.5
42.1 172.1 23.5
366.9 36.9 26.5
359.6 565.5 25.0
344.6 461.7 24.1
300.8 524.0 26.7
270.7 273.7 25.1
146.7 400.3 25.9
104.1 556.8 24.8
52.8 595.2 25.1
51.0 218.0 25.8
390.5 250.5 27.2
327.8 154.4 29.0
229.7 38.9 32.3
193.7 296.0 29.9
138.1 195.1 27.6
86.1 80.4 29.7
25.5 624.1 26.6
420.9 244.9 32.0
359.8 157.0 31.7
309.5 305.1 32.3
218.0 317.7 31.7
180.9 545.6 30.1
437.0 420.4 36.1
295.4 163.1 36.2
160.4 608.0 34.3
45.5 429.3 33.4
425.0 141.2 39.2
351.1 287.1 37.8
232.4 251.3 39.3
253.9 511.2 53.5
332.0 103.0 6.0
374.0 114.0 7.0
401.0 65.0 6.0
427.0 108.0 9.0
428.0 119.0 6.0
432.0 172.0 9.0
450.0 186.0 8.0
407.0 9.0 6.0
425.0 19.0 5.0
420.0 200.0 9.0
451.0 260.0 7.0
460.0 247.0 6.0
471.0 474.0 7.0
460.0 545.0 6.0
458.0 596.0 5.0
428.0 576.0 6.0
314.0 558.0 5.0
335.0 512.0 6.0
229.0 629.0 25.0
223.0 593.0 6.0
59.0 615.0 7.0
81.0 530.0 6.0
68.0 505.0 7.0
96.0 399.0 7.0
97.0 376.0 5.0
95.0 389.0 5.0
143.0 363.0 7.0
131.0 410.0 7.0
153.0 451.0 7.0
148.0 484.0 7.0
130.0 466.0 9.0
121.0 460.0 5.0
192.0 37.0 7.0
137.0 31.0 7.0
122.0 45.0 9.0
111.0 34.0 7.0
106.0 44.0 9.0
92.0 56.0 9.0
73.0 38.0 9.0
77.0 4.0 8.0
80.0 15.0 6.0
110.0 93.0 8.0
53.0 56.0 6.0
49.0 65.0 6.0
27.0 164.0 6.0
14.0 186.0 8.0
13.0 242.0 8.0
6.0 282.0 6.0
23.0 289.0 7.0
205.0 271.0 6.0
198.0 257.0 6.0
255.0 165.0 9.0
239.0 143.0 7.0
223.0 66.0 8.0
221.0 75.0 5.0
396.0 424.0 9.0
415.0 422.0 7.0
414.0 396.0 9.0
475.0 607.0 6.0
198.0 530.0 7.0
12.0 376.0 7.0
18.0 371.0 5.0
34.0 354.0 7.0
63.0 326.0 6.0
103.0 239.0 7.0
113.0 219.0 6.0
74.0 191.0 6.0
362.0 234.0 6.0
344.0 252.0 7.0
348.0 232.0 7.0
324.0 225.0 8.0
314.0 224.0 6.0
286.0 256.0 7.0
241.0 285.0 7.0
301.0 376.0 7.0
296.0 386.0 6.0
264.0 369.0 6.0
273.0 391.0 6.0
216.0 417.0 9.0
216.0 402.0 6.0
180.0 430.0 6.0
175.0 435.0 5.0
175.0 439.0 12.0
199.0 456.0 7.0
190.0 473.0 5.0
47.0 335.0 5.0
86.0 244.0 7.0
68.0 242.0 5.0
191.0 96.0 6.0
254.0 324.0 11.0
283.0 404.0 7.0
283.0 414.0 5.0
271.0 441.0 10.0
254.0 591.0 6.0
390.0 534.0 8.0
412.0 522.0 8.0
331.0 325.0 8.0
318.0 323.0 7.0
226.0 198.0 9.0
225.0 187.0 6.0
182.0 179.0 5.0
165.0 137.0 7.0
107.0 52.0 7.0
135.0 93.0 7.0
