258.2 555.8 6.1
130.0 414.0 5.3
114.0 302.0 5.3
78.0 238.0 5.3
245.5 620.5 5.7
183.5 594.5 5.7
163.3 165.2 7.4
102.8 196.5 7.9
81.5 462.5 5.7
73.5 290.5 5.7
35.3 378.7 6.2
23.5 518.5 5.7
12.0 162.0 6.0
454.8 429.2 6.6
330.8 61.2 6.2
322.8 411.2 6.2
284.8 263.2 7.0
164.8 365.2 6.6
116.8 283.2 7.0
76.8 341.2 6.6
65.1 378.9 7.2
53.0 217.0 6.0
454.5 113.5 6.3
368.3 455.7 6.5
360.3 71.7 7.2
356.4 195.3 7.7
332.0 597.3 6.7
322.5 581.9 7.7
296.5 433.5 6.3
252.2 355.9 8.1
244.5 121.5 7.0
238.3 381.7 6.5
228.5 321.5 6.3
224.5 417.5 6.3
190.3 295.7 6.9
178.5 477.5 6.3
173.8 307.1 16.4
164.2 373.8 6.5
130.5 61.5 7.0
98.6 23.4 7.8
28.2 63.8 7.6
406.0 436.0 7.3
396.0 100.0 6.7
390.0 32.0 6.7
384.0 82.0 6.7
333.9 534.1 8.2
273.7 394.3 8.2
235.8 416.2 7.7
98.2 207.8 7.4
67.7 340.3 6.8
66.0 166.0 7.3
34.0 448.0 6.7
435.5 458.5 7.0
425.3 88.7 7.8
371.3 130.7 7.8
371.9 447.1 7.8
349.5 62.5 7.0
319.5 548.5 7.0
303.7 64.3 8.2
247.2 61.4 8.1
237.3 552.7 7.8
221.6 240.9 8.3
217.1 51.1 8.0
207.5 564.5 7.0
139.4 182.6 7.9
133.5 206.5 7.0
77.6 540.4 8.3
53.5 624.5 7.7
47.5 500.5 7.0
31.3 248.7 7.8
31.3 542.7 7.2
29.3 416.7 7.8
340.2 78.5 7.9
144.5 323.5 8.3
130.7 557.3 8.2
129.4 399.1 8.4
123.2 554.8 7.8
111.0 349.0 7.3
97.0 545.0 7.3
68.8 71.2 7.5
434.4 387.6 8.8
410.6 322.2 8.4
370.7 75.3 9.1
342.5 201.5 8.7
326.7 369.3 8.4
318.3 235.7 8.5
306.8 28.3 8.9
262.7 142.3 9.1
213.0 158.0 21.9
184.5 327.5 9.0
130.2 243.8 8.5
40.4 245.6 8.5
14.5 317.5 7.7
451.4 90.1 8.8
315.4 161.8 8.7
309.6 310.4 8.8
297.7 94.3 8.2
223.7 474.3 8.2
177.8 279.6 27.4
131.9 287.9 9.6
51.8 329.6 9.6
34.2 326.7 8.9
459.7 120.7 9.6
442.7 454.5 9.4
405.6 136.1 9.8
341.7 370.3 9.1
316.9 207.1 9.1
309.5 96.5 8.3
257.5 106.5 9.0
254.9 530.6 9.6
229.8 21.2 9.2
169.3 54.0 9.5
159.3 431.1 9.0
119.2 125.1 9.5
92.8 28.2 9.2
89.1 248.9 8.9
77.2 434.2 9.0
47.0 233.0 8.7
458.7 95.3 9.5
455.0 331.0 8.7
431.0 111.0 8.7
416.7 173.7 9.4
410.5 69.0 9.3
397.1 436.4 9.8
352.3 99.0 10.0
338.9 94.1 9.4
338.5 105.5 9.3
336.5 426.8 9.0
240.5 446.8 9.8
196.9 257.6 9.4
155.2 319.2 10.1
60.5 565.2 9.9
436.5 235.5 9.7
426.8 617.6 10.1
422.5 245.5 9.7
418.3 585.7 9.6
406.2 169.8 9.2
350.3 207.7 9.6
349.2 106.0 9.9
306.3 163.7 9.2
302.5 191.5 9.7
237.9 305.4 9.8
92.3 13.7 9.2
90.5 517.5 9.7
59.9 525.4 9.8
36.6 370.1 10.1
28.6 180.3 10.1
444.0 382.0 9.3
441.6 393.8 10.3
376.7 56.0 9.8
360.0 256.0 10.2
326.4 124.1 10.4
299.7 528.3 9.5
206.0 434.0 9.3
195.7 138.3 10.0
192.0 234.7 10.0
155.7 416.3 10.0
146.0 192.0 9.3
138.2 461.8 9.8
135.9 222.1 10.1
127.7 472.3 10.0
113.8 556.2 9.5
63.9 294.1 10.1
62.2 282.4 10.3
37.6 399.8 10.3
22.4 30.1 10.4
20.0 58.0 10.2
427.0 605.0 10.0
417.5 483.3 10.5
379.5 394.5 10.3
319.5 506.5 10.9
317.5 438.5 10.9
299.2 600.2 10.3
297.5 322.5 9.7
237.8 614.8 10.3
235.5 286.5 10.3
221.8 226.8 10.3
217.8 86.8 10.3
153.5 242.5 10.3
77.2 90.8 10.3
49.2 42.2 10.3
35.5 496.5 10.9
427.7 41.9 11.6
408.5 181.5 10.3
392.4 186.1 10.9
361.0 213.0 10.7
356.5 36.8 10.8
336.0 331.0 10.7
261.0 565.0 10.7
250.0 551.0 10.7
176.0 488.0 10.7
159.0 368.0 10.7
137.0 265.0 10.7
135.0 323.0 10.7
132.0 275.3 10.9
128.0 100.0 10.9
128.5 327.5 10.3
66.0 556.0 11.8
55.0 397.0 11.2
40.8 335.2 11.6
457.1 231.4 12.4
415.3 470.7 12.0
375.7 42.3 11.5
368.5 88.2 11.9
347.5 138.5 11.0
328.3 274.8 11.9
311.7 228.3 11.5
287.5 59.5 11.0
277.9 198.9 12.5
275.3 430.7 12.0
241.7 96.3 11.5
241.5 191.5 11.0
161.5 568.5 11.0
123.3 422.7 12.0
97.7 472.3 11.5
79.5 444.5 11.6
75.7 298.3 11.5
39.5 438.5 11.6
284.8 212.5 12.1
265.0 11.0 12.9
249.3 109.8 12.5
185.0 247.0 12.9
85.5 372.5 12.1
407.5 81.5 13.6
373.0 341.0 12.9
366.5 591.5 13.6
353.2 118.8 13.9
301.5 250.5 14.0
292.5 29.5 13.6
225.0 578.3 13.8
189.0 479.0 12.9
125.0 587.0 12.9
105.0 62.2 14.0
87.0 21.0 12.9
60.8 613.2 13.2
363.8 565.1 16.5
280.5 19.5 14.5
268.3 453.7 13.9
224.5 307.5 13.6
196.2 175.8 13.9
184.5 429.5 14.5
170.5 71.5 13.6
158.3 64.8 13.9
158.0 291.0 14.3
104.3 109.7 13.9
447.5 307.2 15.0
444.2 102.5 15.0
387.6 29.6 15.4
372.0 102.0 14.3
328.0 84.0 14.3
312.0 50.0 14.3
294.5 382.3 15.3
288.5 514.5 15.0
206.0 184.0 14.3
203.5 608.5 15.0
201.8 364.2 14.6
121.8 112.2 14.6
49.8 534.2 14.6
44.0 574.0 14.3
445.7 221.0 15.7
235.1 255.4 15.5
233.5 82.2 16.4
199.0 626.0 15.7
139.2 20.2 15.5
29.2 194.2 15.5
448.5 40.5 16.4
446.3 578.9 17.9
350.8 571.2 16.1
328.7 199.3 16.1
206.8 215.2 16.1
184.5 209.5 16.4
113.1 466.5 17.3
422.9 453.8 17.7
410.5 502.0 18.2
406.0 253.5 18.2
291.0 587.0 17.6
74.3 112.3 18.2
467.3 387.8 18.2
454.4 560.2 18.7
409.7 332.3 17.5
371.4 145.9 18.9
225.7 353.6 18.5
145.5 83.5 17.9
453.3 196.7 18.2
313.6 293.0 19.4
309.0 129.7 18.6
247.3 134.7 18.2
229.5 296.5 17.9
77.0 490.0 18.6
459.5 320.5 19.8
396.2 149.0 19.7
288.2 455.5 20.2
276.5 79.5 19.3
218.1 373.4 19.1
148.9 390.2 19.5
110.5 573.5 19.3
89.8 533.5 19.3
408.4 274.0 20.6
374.3 507.7 19.6
291.3 364.0 20.0
209.9 239.6 20.2
198.7 452.0 20.5
72.0 259.3 20.5
433.7 482.3 20.4
320.4 526.1 21.6
312.0 458.7 21.0
106.4 294.4 21.1
419.0 536.0 21.4
317.5 595.0 22.1
164.2 86.9 22.6
141.0 536.5 22.1
137.3 344.7 22.1
324.2 312.5 22.6
275.8 476.7 25.8
254.8 310.5 27.4
246.2 430.5 23.6
173.5 187.8 22.6
168.0 257.5 23.6
104.3 139.3 23.6
89.5 85.5 22.9
40.4 181.6 23.9
450.2 606.4 25.0
433.5 69.3 24.7
431.9 130.5 25.8
426.9 188.6 25.9
394.5 350.5 24.3
387.0 172.5 25.0
341.5 528.5 23.6
267.0 266.5 25.0
149.5 172.5 23.6
106.2 332.5 24.5
89.5 556.5 23.6
57.7 311.7 25.7
452.0 434.0 25.7
404.6 457.6 26.4
387.7 125.5 26.1
289.5 233.5 26.4
273.4 532.1 27.0
257.7 603.5 26.1
243.5 569.9 26.8
33.0 215.0 27.1
334.0 494.3 28.6
264.3 242.3 29.0
177.3 111.0 28.1
124.3 444.5 27.6
105.1 523.4 29.6
94.0 170.5 27.9
85.3 52.1 29.0
70.8 185.5 29.7
62.5 432.5 27.1
55.1 381.8 29.9
24.8 310.5 27.4
357.1 170.5 29.9
350.0 324.0 28.6
329.8 108.5 29.6
280.2 291.5 29.5
219.2 403.2 29.8
177.8 556.2 29.4
132.2 495.5 30.5
120.1 81.1 29.0
74.1 143.9 29.7
419.4 431.8 30.6
416.3 562.0 31.9
337.7 392.3 31.9
326.0 351.0 30.0
302.3 490.4 31.5
108.2 422.5 30.2
105.9 492.1 31.6
87.6 224.4 31.7
40.5 416.5 29.3
35.4 473.1 31.4
31.6 504.8 34.1
412.3 398.2 32.9
288.7 178.2 31.8
256.3 374.7 31.8
226.8 459.6 33.2
118.3 613.7 31.8
351.2 72.8 33.9
344.4 603.3 35.6
331.4 145.9 34.5
305.5 208.5 35.0
224.6 600.1 33.9
215.2 270.7 33.9
182.5 144.8 33.6
122.9 43.8 36.7
80.3 406.8 33.9
68.6 508.8 33.8
417.8 227.9 38.3
404.2 40.6 37.9
370.6 413.4 36.3
336.3 240.7 37.4
171.2 340.5 38.5
165.4 452.6 37.9
161.5 511.4 37.9
83.7 588.5 37.9
448.1 530.9 38.9
431.8 289.6 38.9
409.0 104.5 39.3
375.9 226.1 39.9
359.3 281.9 39.3
241.6 216.7 39.1
224.0 330.0 37.2
196.5 72.2 39.3
156.3 224.3 38.6
155.1 591.6 39.8
120.3 194.1 39.3
111.8 260.2 39.7
78.3 463.7 38.2
36.8 144.8 37.9
284.3 334.2 42.8
281.9 116.1 41.6
165.5 33.4 42.0
140.9 138.6 41.6
110.2 372.2 40.7
451.0 161.0 41.4
395.8 605.0 42.5
250.5 165.5 42.9
217.9 113.9 42.7
52.8 80.0 43.7
34.6 273.0 43.1
430.9 357.3 47.0
366.2 472.0 47.7
180.8 391.8 47.5
304.2 559.8 49.4
295.8 412.9 49.4
248.4 42.2 56.9
218.2 514.4 73.3
209.0 14.0 34.0
118.0 8.0 27.0
74.0 9.0 8.0
63.0 24.0 8.0
50.0 14.0 43.0
30.0 3.0 15.0
9.0 23.0 12.0
4.0 35.0 23.0
6.0 77.0 10.0
18.0 100.0 30.0
10.0 133.0 28.0
5.0 177.0 8.0
11.0 202.0 10.0
13.0 236.0 22.0
15.0 355.0 33.0
6.0 307.0 13.0
43.0 348.0 37.0
18.0 430.0 29.0
-1.0 452.0 21.0
1.0 520.0 33.0
24.0 557.0 48.0
16.0 540.0 7.0
23.0 615.0 48.0
1.0 589.0 9.0
66.0 635.0 10.0
83.0 624.0 27.0
119.0 633.0 10.0
166.0 631.0 30.0
230.0 644.0 48.0
282.0 624.0 37.0
353.0 641.0 31.0
358.0 635.0 9.0
420.0 634.0 11.0
454.0 630.0 22.0
470.0 586.0 27.0
477.0 555.0 26.0
474.0 538.0 12.0
467.0 516.0 10.0
465.0 483.0 54.0
474.0 412.0 28.0
477.0 402.0 8.0
458.0 370.0 9.0
470.0 296.0 33.0
475.0 189.0 23.0
457.0 122.0 42.0
469.0 67.0 44.0
464.0 38.0 12.0
462.0 18.0 15.0
437.0 15.0 32.0
357.0 25.0 53.0
340.0 9.0 10.0
330.0 24.0 15.0
303.0 75.0 36.0
358.0 51.0 10.0
387.0 89.0 5.0
214.0 156.0 8.0
178.0 278.0 8.0
106.0 225.0 8.0
137.0 302.0 36.0
80.0 345.0 31.0
87.0 317.0 7.0
144.0 420.0 32.0
32.0 449.0 22.0
212.0 568.0 35.0
377.0 533.0 31.0
385.0 314.0 35.0
398.0 300.0 7.0
389.0 266.0 23.0
441.0 248.0 8.0
431.0 248.0 10.0
248.0 401.0 30.0
256.0 466.0 19.0
241.0 477.0 9.0
253.0 488.0 9.0
387.0 568.0 23.0
387.0 567.0 8.0
391.0 550.0 7.0
149.0 566.0 6.0
291.0 265.0 30.0
293.0 269.0 7.0
299.0 153.0 28.0
385.0 377.0 32.0
380.0 380.0 12.0
430.0 580.0 11.0
176.0 364.0 7.0
