434.7 188.7 8.2
409.2 631.2 8.5
402.7 313.3 8.1
384.0 405.6 8.3
376.8 162.4 8.6
352.8 435.2 8.1
328.8 507.2 8.5
324.8 255.2 8.5
324.8 526.3 8.6
279.2 407.2 8.5
211.9 589.4 9.2
198.9 525.1 10.0
132.1 598.9 8.6
70.1 633.1 8.5
44.8 467.2 8.5
33.0 173.0 7.7
24.8 403.2 8.5
470.1 292.2 8.9
446.6 471.1 10.5
413.3 244.0 8.7
412.7 185.7 9.2
412.1 412.7 9.9
399.5 416.4 9.4
388.5 387.5 8.5
386.2 357.2 9.7
376.5 315.5 8.5
360.4 147.2 9.8
360.5 214.8 10.3
352.5 169.5 8.5
294.3 353.7 9.2
274.5 143.5 8.5
262.2 135.2 9.7
250.8 177.7 10.5
250.5 263.5 8.5
240.2 243.2 9.7
236.7 56.7 10.3
234.5 341.5 8.5
214.7 261.3 8.8
207.3 331.3 8.7
204.4 510.0 11.2
183.5 311.5 8.5
164.7 6.7 8.7
162.5 312.5 8.5
158.5 593.5 8.5
156.7 15.3 9.2
124.6 237.4 10.2
124.5 607.5 8.5
108.5 327.5 8.5
106.5 615.5 8.5
89.5 15.8 9.0
82.7 237.3 9.2
48.9 18.8 10.1
437.3 524.7 11.0
218.5 62.7 10.6
100.1 82.4 9.8
93.8 166.2 10.0
434.5 407.5 11.3
398.8 608.9 12.0
215.6 626.0 11.3
215.0 83.5 10.8
212.3 535.2 11.2
200.4 497.0 11.8
108.0 450.0 11.6
426.0 622.4 15.2
305.8 534.0 13.4
302.8 385.9 11.7
280.2 23.0 11.7
265.7 164.3 11.2
223.9 119.6 11.7
70.0 508.0 10.8
29.4 531.5 12.9
19.5 115.2 11.5
435.0 606.9 15.6
399.3 235.1 13.5
243.1 8.4 12.9
108.4 600.5 14.3
277.3 390.0 13.8
185.0 365.5 13.8
104.8 385.2 13.8
436.2 261.8 15.8
308.3 207.8 15.0
283.2 242.3 15.0
259.5 244.0 15.4
40.6 391.8 14.8
449.9 489.2 19.4
334.9 454.4 17.9
271.5 73.5 16.2
234.2 273.4 16.0
472.0 354.7 18.0
209.1 386.9 18.6
165.3 384.2 19.2
158.0 66.0 17.7
99.3 558.9 19.3
30.7 260.7 18.9
419.1 44.9 19.5
209.7 475.8 21.3
14.2 454.1 21.2
434.1 311.7 22.8
419.5 370.9 22.3
327.2 298.3 21.9
231.1 526.3 25.2
210.7 355.1 22.6
177.7 496.2 21.9
131.2 567.7 24.1
113.7 524.1 22.3
43.7 212.2 21.9
25.0 490.4 23.7
101.5 410.1 24.5
69.2 307.5 24.2
456.6 160.8 29.1
308.3 509.7 27.6
289.0 96.6 29.1
175.9 559.5 29.1
131.3 383.6 27.1
72.5 488.9 27.2
384.9 587.6 33.5
350.9 122.0 30.1
313.4 564.9 34.5
232.5 145.5 30.8
336.2 220.0 35.1
222.7 230.0 34.1
133.3 487.1 33.5
99.4 125.7 34.5
85.1 60.4 33.0
20.8 139.8 33.5
429.8 124.1 36.9
406.7 338.8 37.4
345.0 486.6 38.4
308.4 166.1 37.4
293.7 314.8 39.9
131.9 24.7 36.5
82.3 535.1 38.4
43.9 78.1 38.7
375.0 254.4 44.5
357.0 361.5 43.1
228.3 309.5 46.5
172.9 35.1 39.9
144.1 536.5 43.8
31.2 306.6 43.9
426.2 446.4 49.4
182.3 419.6 53.7
77.3 265.3 52.0
280.1 477.8 59.0
261.6 354.8 57.0
245.1 427.4 62.8
446.7 74.9 62.3
365.9 56.0 63.7
162.6 159.2 68.6
277.0 52.0 8.0
340.0 103.0 7.0
279.0 124.0 8.0
416.0 155.0 7.0
391.0 145.0 7.0
418.0 105.0 8.0
403.0 406.0 5.0
395.0 405.0 6.0
388.0 424.0 7.0
266.0 530.0 6.0
286.0 533.0 6.0
170.0 592.0 26.0
46.0 497.0 6.0
42.0 480.0 5.0
28.0 464.0 7.0
45.0 456.0 7.0
62.0 467.0 8.0
52.0 418.0 7.0
102.0 348.0 9.0
11.0 227.0 7.0
13.0 207.0 30.0
110.0 181.0 8.0
116.0 224.0 7.0
131.0 196.0 6.0
174.0 198.0 6.0
196.0 221.0 9.0
237.0 213.0 7.0
229.0 181.0 9.0
211.0 159.0 7.0
202.0 116.0 8.0
32.0 36.0 6.0
284.0 80.0 5.0
313.0 116.0 11.0
380.0 231.0 6.0
428.0 279.0 8.0
416.0 290.0 5.0
360.0 313.0 7.0
450.0 338.0 6.0
458.0 415.0 5.0
372.0 536.0 7.0
351.0 605.0 5.0
183.0 468.0 9.0
158.0 363.0 7.0
154.0 340.0 5.0
168.0 338.0 7.0
181.0 292.0 7.0
202.0 310.0 7.0
291.0 279.0 5.0
437.0 228.0 9.0
472.0 281.0 7.0
459.0 292.0 6.0
119.0 275.0 7.0
50.0 282.0 6.0
86.0 146.0 5.0
