437.0 79.0 7.7
360.7 546.2 8.1
262.8 611.2 8.1
241.0 275.0 7.7
226.8 151.2 8.5
219.8 41.3 8.1
162.7 470.2 8.1
462.7 248.0 9.2
415.9 275.1 9.4
414.5 133.5 8.5
402.7 589.3 8.8
396.5 181.5 8.5
368.5 581.5 8.5
348.7 239.3 9.2
342.1 492.9 9.4
328.5 391.5 8.5
316.5 403.5 8.5
308.2 204.5 9.0
306.7 567.3 8.8
301.1 44.9 10.0
286.3 411.7 9.7
270.5 119.5 8.5
234.6 372.6 9.2
228.5 302.7 9.7
226.5 631.5 8.5
211.3 491.5 9.7
208.0 479.3 9.2
204.5 77.5 8.5
196.5 51.5 8.5
184.7 461.3 9.2
144.8 120.3 8.8
134.5 143.5 8.5
128.5 557.5 8.5
78.8 259.2 8.9
78.8 394.4 10.2
56.5 289.5 8.5
52.7 191.3 9.2
36.5 255.5 8.5
30.5 263.5 8.5
30.8 563.2 8.8
10.2 161.2 9.0
423.0 35.0 9.2
415.0 541.0 9.2
405.5 70.9 10.3
392.8 364.7 10.4
347.5 298.5 10.0
293.8 292.2 10.4
133.0 565.0 9.2
126.9 568.6 10.2
105.2 118.8 10.4
90.3 195.7 10.4
80.7 484.8 10.4
40.7 227.3 9.6
35.0 249.0 9.2
416.7 75.8 11.2
382.1 405.2 11.2
353.9 515.6 11.0
334.5 603.5 10.0
278.2 559.8 11.2
44.0 102.0 10.8
25.8 55.2 11.2
452.7 20.3 11.2
402.5 432.8 11.0
383.2 74.2 11.0
330.3 144.3 11.3
175.6 161.6 12.0
174.0 179.5 11.5
80.9 204.3 12.5
475.5 124.5 11.5
473.6 24.9 12.9
472.2 434.5 12.6
467.5 79.8 12.6
447.2 113.6 12.6
407.3 283.3 11.8
400.3 124.8 11.9
362.3 105.7 12.3
278.7 296.7 11.8
267.9 568.6 12.5
263.7 138.3 12.7
249.5 496.5 12.6
237.2 566.8 11.9
219.5 523.8 12.6
191.2 260.2 12.0
77.2 168.8 11.9
408.5 175.5 13.1
394.5 296.5 13.1
279.5 145.5 13.1
214.8 405.2 13.8
205.0 9.7 13.3
188.3 553.0 13.3
184.5 171.5 13.1
142.5 131.5 13.1
136.5 330.5 13.1
30.5 315.5 13.1
442.5 326.0 15.4
364.8 496.0 15.1
350.7 198.0 14.9
333.5 482.0 15.4
307.8 293.7 15.0
294.0 380.0 13.8
266.5 407.5 14.6
245.5 307.5 14.6
228.0 471.0 15.4
133.0 263.7 14.4
113.0 572.0 15.4
52.5 270.0 15.4
469.0 218.0 16.1
453.5 312.8 17.2
450.8 72.5 17.2
449.0 174.0 16.2
447.5 48.5 16.2
410.0 499.3 15.9
400.0 377.0 16.2
392.5 278.5 16.2
376.0 603.3 15.9
372.8 388.0 16.6
340.0 507.0 16.2
314.0 309.3 15.9
309.5 343.5 16.1
260.3 387.0 16.4
229.0 283.0 17.4
204.0 173.0 16.2
202.0 446.0 15.9
133.0 83.8 17.2
86.7 12.0 15.9
40.5 54.5 16.1
469.0 178.0 17.7
466.9 569.1 17.8
434.5 342.5 18.1
387.2 37.6 17.9
374.0 138.0 16.9
366.4 529.2 18.3
325.2 126.4 17.9
268.0 126.0 16.9
221.1 604.7 18.2
202.1 36.6 18.5
77.0 186.0 17.7
34.0 519.0 17.7
438.0 32.0 18.5
333.6 372.4 19.6
232.6 260.4 21.3
210.2 53.2 19.2
199.4 570.4 20.2
185.2 107.8 19.6
163.9 274.1 20.2
158.3 157.7 19.6
149.8 257.3 19.6
144.8 277.8 19.2
71.2 273.7 19.6
65.6 218.9 19.0
28.8 73.2 19.2
414.5 121.5 20.8
375.6 55.6 22.1
333.5 305.5 20.8
298.1 527.9 22.8
255.5 554.5 20.8
249.5 297.5 20.8
222.5 297.5 20.8
220.7 578.6 21.9
200.8 426.6 21.9
193.7 155.3 21.9
163.7 106.7 21.9
149.7 178.3 21.5
137.2 396.2 20.8
136.5 187.5 20.8
130.9 43.1 23.6
113.9 266.1 22.1
94.5 584.4 23.4
75.5 294.5 20.8
12.5 603.5 20.8
464.9 197.4 24.2
462.2 50.7 24.2
461.5 623.5 25.3
446.9 220.4 25.8
441.7 194.3 23.1
358.4 563.9 24.1
352.4 473.4 25.2
312.3 147.7 23.1
311.6 363.4 23.7
303.5 235.4 24.6
288.0 546.7 24.6
266.3 533.7 24.2
242.2 516.6 24.9
199.8 126.8 23.8
150.4 330.8 24.0
84.4 232.1 24.8
78.0 459.6 24.0
49.0 319.6 24.4
25.1 581.6 25.0
15.3 35.7 24.2
434.2 134.5 27.4
369.8 227.4 27.2
323.0 94.1 27.3
313.0 504.7 26.9
279.5 616.5 27.9
264.0 363.8 29.0
223.7 490.3 27.2
214.3 146.9 26.6
186.5 18.0 27.7
163.5 205.7 27.9
136.6 542.1 28.9
119.5 131.5 27.4
109.9 161.8 26.7
98.4 50.4 26.9
93.0 478.0 26.9
81.4 507.5 27.3
79.5 600.5 25.4
66.5 200.5 25.4
42.8 33.2 26.7
464.2 140.6 29.3
458.9 355.9 30.5
458.5 453.1 30.9
455.9 283.6 31.4
427.2 54.6 29.8
426.9 165.1 31.6
408.8 25.4 31.3
407.2 340.4 29.8
375.5 425.9 30.3
367.6 278.2 29.8
365.5 359.5 30.8
358.0 592.0 30.3
313.2 390.4 30.2
311.4 423.5 31.6
281.5 395.5 28.5
265.5 13.5 28.5
205.3 274.9 32.0
199.2 467.5 29.7
191.5 193.0 30.8
187.5 594.2 29.5
135.7 104.7 30.9
119.5 69.5 28.5
104.5 97.5 29.7
106.2 447.7 32.8
101.1 291.1 29.7
104.2 405.0 32.2
95.2 182.5 29.0
89.8 258.8 29.5
55.5 172.5 28.5
23.8 98.4 30.2
19.5 248.5 28.5
454.1 487.6 33.5
426.1 443.3 32.1
425.9 370.1 35.4
420.2 477.1 32.0
399.6 608.1 33.9
397.1 145.7 34.9
391.3 251.8 33.9
388.1 512.1 34.5
384.7 466.7 35.4
337.2 37.9 33.7
323.8 587.1 32.6
312.5 620.5 31.5
278.5 503.2 35.7
250.4 585.3 34.7
228.7 442.9 33.2
210.9 380.2 34.5
187.6 352.8 32.3
169.4 136.8 35.9
137.9 461.5 33.3
132.4 304.4 33.7
110.9 20.6 33.2
73.9 32.5 33.1
59.2 482.8 34.1
56.1 529.1 33.2
433.6 253.6 37.6
349.9 74.6 38.3
348.9 400.5 38.2
348.0 134.0 35.4
343.9 441.0 37.1
334.7 223.0 36.5
334.6 339.5 38.8
299.6 69.6 37.0
288.4 582.8 35.4
265.9 46.4 37.6
254.7 471.4 37.6
240.8 406.1 37.9
228.0 18.0 35.4
224.3 548.0 36.8
209.8 240.2 35.4
173.2 239.2 36.7
171.6 444.4 36.7
154.4 21.6 35.4
136.3 425.3 36.9
54.1 245.9 37.9
36.3 443.7 37.3
23.1 338.9 37.0
422.1 304.6 43.3
408.6 407.0 40.6
393.6 97.1 40.4
371.6 178.6 43.3
304.5 19.5 39.2
274.1 433.9 41.2
176.0 403.2 42.1
163.0 567.4 41.5
72.9 427.4 40.3
31.8 287.4 42.5
438.2 585.6 48.6
395.0 560.0 47.9
374.6 320.0 46.1
333.4 537.4 46.5
325.8 178.2 47.4
307.1 465.6 48.3
293.9 118.4 45.4
151.4 365.7 44.6
97.5 543.3 45.2
59.6 570.9 45.9
443.1 534.1 49.6
408.0 210.5 49.8
327.5 267.8 50.2
282.7 325.9 51.9
274.1 267.0 51.5
229.6 338.0 53.1
183.4 310.4 49.2
125.0 502.3 49.2
65.3 79.1 54.0
166.2 67.0 57.3
126.0 224.0 55.4
75.6 133.2 55.4
181.7 515.2 63.3
36.0 388.5 62.3
240.0 99.3 72.8
93.8 348.5 78.4
454.0 29.0 17.0
450.0 127.0 7.0
467.0 234.0 18.0
460.0 403.0 57.0
430.0 418.0 8.0
411.0 512.0 7.0
418.0 510.0 15.0
340.0 607.0 13.0
326.0 564.0 8.0
294.0 604.0 8.0
245.0 625.0 38.0
211.0 594.0 21.0
131.0 576.0 8.0
134.0 582.0 17.0
110.0 592.0 7.0
120.0 552.0 7.0
144.0 525.0 6.0
37.0 504.0 9.0
121.0 387.0 17.0
151.0 308.0 8.0
258.0 303.0 7.0
39.0 127.0 17.0
26.0 155.0 7.0
256.0 134.0 9.0
349.0 101.0 6.0
375.0 79.0 7.0
260.0 194.0 97.0
19.0 197.0 66.0
198.0 626.0 40.0
180.0 635.0 8.0
342.0 590.0 7.0
396.0 441.0 22.0
403.0 455.0 8.0
384.0 381.0 25.0
370.0 205.0 5.0
345.0 153.0 7.0
443.0 232.0 7.0
328.0 77.0 9.0
122.0 277.0 6.0
60.0 297.0 5.0
64.0 305.0 21.0
203.0 407.0 9.0
311.0 320.0 8.0
317.0 327.0 9.0
321.0 316.0 5.0
335.0 319.0 9.0
349.0 315.0 8.0
386.0 159.0 8.0
263.0 27.0 8.0
333.0 622.0 7.0
259.0 331.0 5.0
302.0 170.0 8.0
138.0 158.0 37.0
