472.7 54.5 9.1
466.8 175.2 8.1
460.8 211.2 8.5
350.7 205.3 8.8
342.7 356.7 8.5
289.0 163.0 7.7
208.8 96.4 8.6
188.7 474.5 8.8
158.1 539.9 8.7
94.6 111.0 9.2
78.4 11.1 8.3
51.4 64.8 9.1
46.8 563.2 8.5
42.4 58.7 9.0
38.7 556.8 8.5
32.7 534.7 8.2
31.7 10.7 9.7
10.7 194.7 8.5
476.7 181.3 8.8
456.5 541.5 8.5
426.5 211.5 8.5
390.0 191.3 9.2
382.5 511.5 8.5
376.5 209.5 8.5
352.9 185.1 10.6
311.2 64.3 9.6
292.5 629.5 8.5
282.5 633.5 8.5
272.5 265.5 8.5
230.5 77.5 8.5
204.7 487.3 8.8
198.4 477.9 9.9
176.6 602.3 9.5
172.7 401.3 9.2
140.5 407.5 8.5
112.5 580.5 8.5
106.0 96.8 10.4
105.3 365.3 8.7
102.3 54.2 9.9
97.5 389.1 9.8
94.5 493.5 8.5
91.3 373.3 8.7
80.5 39.5 8.5
66.5 465.5 8.5
66.5 585.5 10.5
62.9 17.1 10.1
60.5 85.5 8.5
58.5 571.5 8.5
26.5 429.5 8.5
119.0 613.0 9.2
238.6 532.5 11.5
232.7 483.8 12.1
196.5 520.5 12.3
363.5 68.2 13.9
138.1 452.3 13.8
110.7 620.8 13.2
376.8 277.5 14.1
346.3 319.6 38.7
410.1 131.3 38.6
57.9 199.4 41.9
114.8 464.6 48.7
134.3 502.3 53.7
347.7 199.8 62.2
53.8 430.5 66.3
289.5 504.2 74.6
376.1 416.6 111.6
271.5 122.5 111.6
65.5 271.5 111.6
162.0 181.5 141.5
423.0 342.0 66.0
343.0 47.0 8.0
325.0 19.0 10.0
452.0 457.0 12.0
429.0 622.0 110.0
304.0 583.0 10.0
183.0 292.0 121.0
267.0 272.0 7.0
342.0 271.0 8.0
351.0 273.0 5.0
450.0 482.0 5.0
431.0 457.0 7.0
313.0 573.0 113.0
238.0 527.0 55.0
85.0 610.0 8.0
7.0 436.0 9.0
5.0 406.0 10.0
13.0 467.0 5.0
52.0 99.0 92.0
70.0 91.0 8.0
87.0 103.0 8.0
408.0 4.0 10.0
215.0 394.0 6.0
192.0 407.0 6.0
180.0 476.0 7.0
457.0 162.0 11.0
429.0 157.0 110.0
308.0 177.0 7.0
26.0 158.0 9.0
20.0 154.0 8.0
40.0 106.0 7.0
182.0 594.0 5.0
223.0 578.0 6.0
455.0 90.0 7.0
436.0 61.0 8.0
209.0 45.0 7.0
384.0 173.0 6.0
227.0 279.0 8.0
144.0 283.0 9.0
45.0 243.0 6.0
73.0 300.0 5.0
