472.8 480.3 8.1
374.8 57.2 8.5
353.3 549.3 8.2
349.8 147.3 8.1
320.4 277.1 8.7
259.3 370.7 8.5
257.2 351.3 8.5
241.0 283.0 8.5
184.7 37.3 8.8
155.7 177.2 8.1
143.3 255.3 8.2
111.3 341.3 8.5
56.7 261.3 8.1
46.7 367.3 8.1
20.8 527.2 8.5
19.0 235.0 7.7
430.5 69.5 8.5
426.7 126.2 8.8
406.5 53.5 8.5
382.3 441.7 9.7
380.5 505.5 8.5
364.5 59.5 8.5
358.5 101.5 8.5
358.7 509.3 8.8
347.1 64.1 9.1
340.5 9.5 8.5
338.0 575.3 9.2
327.1 486.9 9.4
274.5 323.5 8.5
220.5 103.5 8.5
220.5 633.5 8.5
216.5 441.5 8.5
207.9 411.3 9.1
196.5 251.5 8.5
170.5 319.5 8.5
157.5 313.5 8.5
152.5 213.5 8.5
142.5 203.5 8.5
134.5 89.5 8.5
126.5 30.5 8.5
122.5 77.5 8.5
82.5 339.5 8.5
80.7 589.3 8.8
40.3 68.8 9.6
38.5 475.5 9.2
28.7 383.1 10.7
20.5 139.5 8.5
17.6 40.4 8.7
460.0 465.0 9.2
456.7 200.5 10.3
425.0 29.0 9.2
373.0 488.2 10.5
227.0 105.0 9.2
145.8 173.3 9.6
29.0 137.0 9.2
396.0 368.0 10.8
295.2 233.8 11.9
236.8 426.2 12.7
12.8 332.3 11.2
439.5 320.5 11.5
421.9 184.1 14.0
389.5 532.9 13.4
377.3 206.7 11.9
369.1 164.4 12.9
286.3 180.9 13.4
265.9 242.6 12.5
189.5 230.5 11.5
446.0 604.0 13.8
175.5 183.5 13.1
50.2 463.0 14.2
251.0 316.0 15.4
54.5 363.5 14.6
47.6 51.9 16.0
14.0 145.5 15.4
446.0 97.2 16.6
64.5 221.3 17.1
450.0 144.0 17.7
361.1 374.1 18.7
294.2 614.6 19.2
273.1 206.6 18.3
177.7 197.9 18.3
457.2 564.8 20.0
37.1 529.6 20.4
444.5 408.3 24.9
418.2 313.4 23.8
319.2 39.6 26.8
230.1 91.6 24.4
99.5 437.9 25.8
23.5 601.6 32.9
189.2 295.4 41.4
362.4 242.5 57.2
349.0 75.0 8.0
432.0 30.0 9.0
460.0 56.0 9.0
465.0 67.0 7.0
433.0 173.0 8.0
469.0 370.0 34.0
453.0 357.0 8.0
390.0 352.0 9.0
475.0 489.0 7.0
167.0 584.0 7.0
72.0 570.0 8.0
359.0 182.0 6.0
262.0 60.0 6.0
256.0 51.0 9.0
275.0 18.0 9.0
288.0 41.0 7.0
295.0 58.0 6.0
305.0 60.0 8.0
299.0 75.0 6.0
240.0 110.0 6.0
245.0 175.0 7.0
251.0 170.0 6.0
255.0 193.0 6.0
310.0 418.0 8.0
375.0 424.0 7.0
375.0 434.0 8.0
331.0 545.0 5.0
325.0 521.0 6.0
326.0 530.0 7.0
278.0 539.0 6.0
282.0 546.0 5.0
62.0 532.0 7.0
15.0 523.0 7.0
4.0 551.0 14.0
3.0 275.0 6.0
14.0 278.0 7.0
15.0 285.0 5.0
64.0 149.0 7.0
115.0 40.0 8.0
154.0 149.0 13.0
142.0 291.0 9.0
149.0 295.0 9.0
68.0 355.0 7.0
57.0 342.0 8.0
56.0 350.0 6.0
61.0 441.0 8.0
36.0 379.0 7.0
195.0 189.0 7.0
209.0 197.0 8.0
294.0 491.0 7.0
266.0 500.0 5.0
27.0 521.0 7.0
257.0 546.0 7.0
255.0 366.0 8.0
305.0 11.0 8.0
321.0 12.0 7.0
305.0 26.0 7.0
215.0 85.0 7.0
224.0 73.0 5.0
