414.0 366.0 9.0
191.8 85.5 10.4
87.8 394.2 9.9
345.8 162.2 12.1
324.5 28.7 12.7
262.7 220.0 13.3
178.4 603.6 13.1
146.0 306.0 13.4
453.4 5.6 13.9
365.3 230.7 13.6
319.9 102.7 14.2
288.2 223.1 13.9
255.5 312.5 12.1
85.0 300.7 14.5
17.8 413.2 13.7
327.5 474.3 15.6
294.4 45.8 15.6
256.2 57.8 15.4
55.8 451.8 13.6
28.7 474.8 14.8
458.9 234.6 15.3
204.6 301.1 15.7
88.7 39.0 15.7
167.5 1.5 18.5
480.0 633.6 17.7
478.9 55.1 19.8
387.8 242.2 18.6
248.9 336.9 17.6
241.1 307.0 18.6
183.2 253.0 16.9
127.4 10.6 18.8
120.9 424.0 17.6
56.6 33.4 16.7
34.7 414.3 17.4
386.7 1.8 22.3
317.0 204.8 18.9
169.5 537.3 19.5
162.4 326.7 20.4
127.3 480.5 19.8
61.3 135.3 19.7
35.6 55.3 20.4
466.8 217.2 19.7
441.8 154.6 20.8
440.9 477.4 20.8
364.4 151.2 20.7
335.2 529.2 21.0
256.7 247.0 20.6
165.4 196.9 21.1
79.0 283.0 20.9
63.7 92.9 20.7
44.3 265.9 21.6
43.3 437.1 20.2
16.2 79.1 21.4
7.2 428.0 20.3
393.8 557.2 21.7
339.4 106.4 23.1
229.4 511.0 22.0
164.9 79.4 22.4
110.8 171.2 21.7
474.7 276.7 26.8
308.5 538.2 23.8
305.1 9.2 24.3
210.7 81.7 23.6
458.3 558.3 25.6
406.2 397.2 26.2
387.9 327.1 26.9
140.4 437.1 26.4
138.3 157.5 26.0
113.1 400.9 27.6
110.7 288.7 27.5
445.7 343.1 27.7
441.8 266.2 29.0
380.5 532.5 29.7
344.2 237.5 29.4
259.3 444.7 28.0
236.0 549.4 28.9
208.3 533.8 29.4
144.5 95.7 27.1
66.9 192.0 29.7
21.5 568.5 27.4
410.3 267.7 30.9
374.9 491.2 30.7
282.5 263.8 31.1
232.1 60.8 31.4
132.7 199.1 30.0
57.4 403.9 31.5
480.0 193.6 31.7
478.1 327.6 37.1
336.0 182.7 33.9
329.9 142.7 35.0
258.5 515.2 32.9
205.6 111.8 34.0
185.5 170.5 33.1
103.0 143.6 33.1
97.4 203.8 33.5
425.8 306.1 35.8
346.9 72.9 36.5
221.9 344.5 37.7
120.2 332.2 37.5
35.7 120.0 37.9
18.3 292.1 35.8
4.0 458.0 32.8
432.8 211.9 40.2
363.7 416.2 39.8
235.5 271.6 38.9
167.3 456.9 38.8
61.7 6.2 41.3
54.1 493.3 38.3
43.4 532.6 39.3
391.6 455.6 41.5
264.5 136.3 41.9
143.9 277.1 41.2
60.8 636.1 43.7
314.8 422.0 49.4
240.7 475.5 45.5
205.8 432.0 48.3
65.4 347.5 48.4
453.3 420.1 54.5
230.8 618.2 51.7
208.2 233.5 52.8
179.8 500.5 49.9
44.8 571.9 54.8
9.4 187.5 54.0
386.8 117.7 56.4
356.3 360.5 55.0
115.0 565.5 54.8
86.6 444.5 54.9
278.2 186.2 58.8
298.6 600.6 72.4
381.9 608.4 94.9
