167.4 338.5 5.5
50.1 282.7 5.4
474.8 148.0 5.1
402.5 406.4 5.8
283.1 80.7 5.5
210.4 159.1 6.1
119.0 275.1 5.9
427.2 279.2 6.4
414.8 290.0 5.5
395.3 405.1 5.7
289.9 279.0 5.7
201.3 309.8 6.3
180.7 292.6 6.1
173.8 198.1 6.6
157.8 363.3 6.2
153.1 339.0 6.0
131.7 195.7 5.6
99.6 263.1 5.1
86.3 146.5 5.6
80.6 92.1 5.4
46.0 496.7 6.2
40.9 480.3 5.6
10.9 227.5 6.5
449.7 338.0 5.4
426.0 44.0 5.0
387.6 424.5 6.4
379.6 232.0 6.3
352.9 435.1 6.9
285.3 531.9 5.9
265.2 444.0 5.4
248.0 375.5 5.3
235.3 212.8 6.4
221.0 436.0 5.5
196.0 586.0 5.0
181.1 467.3 6.3
146.0 28.0 5.0
130.0 195.0 5.0
76.0 509.0 5.0
52.3 418.2 6.6
44.9 456.1 6.5
31.0 36.0 6.7
27.6 465.3 7.1
471.8 282.2 6.5
458.0 414.0 5.5
434.0 188.2 7.8
416.8 105.5 6.7
415.9 155.6 6.8
390.8 144.4 7.0
359.0 313.4 7.0
352.0 170.2 7.6
278.4 124.7 6.8
265.1 529.3 6.6
228.3 180.4 7.2
218.0 404.5 7.6
195.2 219.8 7.3
136.8 415.9 6.4
124.4 607.2 7.1
115.9 224.5 7.2
110.3 181.7 7.6
105.9 616.0 6.4
101.3 348.3 7.6
61.6 468.2 7.5
14.3 73.9 6.4
436.4 228.0 6.6
409.0 631.5 6.9
402.8 312.5 8.3
384.1 405.9 7.8
340.0 103.2 8.0
328.2 507.2 7.5
279.0 407.0 8.1
276.4 52.6 7.6
275.2 144.2 7.8
234.9 341.7 7.7
202.1 116.1 7.7
183.8 312.2 8.0
161.6 312.3 7.8
105.0 320.0 6.0
70.0 633.2 7.1
399.4 416.5 9.0
376.5 162.2 8.7
325.2 255.3 9.0
324.4 526.1 8.3
294.0 353.6 8.3
213.8 262.1 9.1
211.9 589.4 7.9
207.7 331.4 8.6
131.9 598.6 8.2
109.1 328.5 8.6
89.5 16.3 9.1
65.5 115.5 7.9
45.3 467.7 8.4
32.4 173.7 8.7
25.0 403.6 9.1
469.8 292.4 9.0
413.5 244.3 9.3
385.8 357.0 10.0
311.9 115.2 7.8
82.8 237.5 9.2
412.8 186.2 10.1
239.7 242.8 9.8
156.8 16.1 9.7
124.6 237.7 10.5
446.1 471.5 10.4
436.7 524.7 9.9
360.6 147.3 10.4
360.1 214.5 10.4
262.1 135.4 10.4
215.8 625.9 10.1
214.7 83.4 10.9
212.5 534.2 10.5
199.3 525.5 10.6
164.1 6.5 9.8
158.2 90.5 8.8
69.8 508.4 9.7
16.5 169.5 8.2
434.5 407.5 10.8
411.9 412.4 10.6
278.7 636.1 14.3
249.7 263.2 9.4
236.1 56.8 10.8
218.3 62.8 10.8
204.4 510.1 10.5
107.8 450.0 10.3
100.0 82.3 10.8
94.1 166.4 10.9
49.2 18.6 10.8
434.9 606.8 13.3
426.1 622.2 11.4
302.9 385.6 11.2
265.3 163.9 11.5
250.5 178.1 11.4
19.6 115.5 11.6
399.2 235.3 12.1
398.3 609.0 10.8
305.8 534.2 11.1
280.3 23.7 12.0
243.0 9.0 12.0
200.7 497.0 12.2
29.7 531.3 11.5
411.0 183.0 11.5
223.5 120.0 12.0
184.0 365.5 12.9
108.5 600.5 12.9
435.0 261.5 14.2
308.6 207.0 14.1
282.8 243.0 14.5
277.5 390.0 12.5
258.8 243.4 14.7
126.0 234.0 12.5
105.0 384.7 13.4
41.0 391.5 14.4
271.0 73.0 15.6
335.2 454.5 17.8
233.9 273.7 16.8
472.4 354.4 18.7
449.3 489.3 18.3
209.1 386.9 18.3
157.6 66.1 17.6
418.3 44.9 19.7
165.7 384.1 19.7
99.1 558.9 18.7
30.4 260.4 19.3
419.4 370.9 21.9
327.2 298.3 21.7
209.6 475.2 21.3
177.2 496.2 21.7
113.6 524.2 22.0
43.5 212.4 22.6
24.4 490.3 22.7
13.9 454.3 21.8
434.1 312.1 23.0
231.6 525.9 23.8
210.7 354.3 22.5
131.1 567.6 23.5
101.2 410.2 25.2
69.0 307.7 25.6
308.0 510.0 27.0
131.1 384.1 27.9
71.8 489.2 28.0
476.2 125.4 34.2
468.6 -0.2 37.0
455.5 161.3 30.6
350.8 121.6 30.0
288.1 97.4 30.1
175.8 559.7 28.7
72.7 -1.9 33.7
13.1 206.6 31.1
12.5 45.9 32.5
385.7 588.7 31.5
377.8 634.0 37.2
313.3 564.9 34.1
232.1 145.6 32.2
221.8 230.1 34.6
144.6 625.6 32.9
133.7 487.5 33.5
85.0 60.8 33.5
19.6 140.2 36.7
337.0 220.0 36.7
308.3 165.7 37.2
132.7 26.5 38.9
99.7 126.3 36.1
429.0 125.0 38.3
407.0 339.0 38.3
344.6 486.6 38.0
292.6 314.7 40.6
172.9 35.3 41.7
81.0 535.0 38.3
45.0 78.7 39.4
355.8 361.8 43.9
144.4 536.4 44.5
426.1 447.1 48.8
375.2 254.8 46.5
227.2 309.6 47.1
30.5 305.9 47.5
77.0 264.9 54.1
279.7 478.6 60.6
260.9 354.7 59.0
183.9 420.5 57.4
448.6 74.0 64.4
367.6 57.5 65.1
246.1 427.4 61.3
163.5 159.5 69.1
