418.5 215.8 5.3
385.9 378.8 5.9
385.6 490.7 5.7
340.1 223.5 5.3
244.4 616.4 4.9
417.4 115.4 6.5
401.7 30.2 5.2
377.8 331.8 6.2
369.1 505.2 5.7
359.7 159.2 5.1
310.0 147.8 4.8
290.6 575.9 5.4
186.7 583.6 5.2
178.0 76.0 5.2
158.0 219.9 5.6
147.0 67.0 4.7
49.5 72.1 5.7
41.1 522.9 5.4
39.2 518.0 5.1
468.5 574.4 6.1
385.8 6.1 5.8
375.9 526.1 5.3
334.3 531.3 4.9
295.6 355.2 6.4
222.0 507.5 5.6
130.3 510.5 6.0
30.7 598.2 6.4
473.0 636.0 5.0
444.6 540.9 5.9
443.2 571.0 6.3
411.0 372.0 6.5
409.0 100.0 5.0
331.4 586.0 5.9
283.6 419.9 5.7
272.5 627.9 6.6
252.5 344.8 5.4
239.4 228.6 12.5
220.0 156.0 5.0
151.1 622.6 6.3
95.3 349.2 5.8
83.0 338.0 5.0
64.5 41.5 5.5
469.4 558.3 6.6
449.3 254.5 6.2
431.7 48.5 6.4
409.3 157.0 6.4
405.0 527.0 5.5
398.2 22.5 6.0
390.8 144.1 6.7
369.6 529.2 6.6
354.9 232.1 7.2
309.0 321.7 7.0
265.0 416.2 6.6
242.0 624.0 5.5
237.0 560.7 6.2
225.0 214.0 5.5
203.8 588.0 6.1
199.0 341.1 6.6
166.1 174.3 6.4
104.5 366.2 6.0
78.0 280.0 5.7
74.4 43.3 6.5
56.9 577.7 6.5
6.2 72.0 7.3
452.7 568.7 6.5
447.5 37.4 6.8
444.3 522.0 6.2
437.2 438.5 7.3
432.4 10.3 7.1
423.6 53.3 6.9
407.8 320.0 7.6
403.1 20.4 7.2
399.3 388.1 7.5
397.3 244.2 7.4
373.3 316.8 7.9
371.6 384.0 8.0
370.5 591.3 6.8
345.6 95.7 7.3
345.0 314.0 6.5
326.7 460.7 6.9
307.8 426.6 7.0
293.4 590.4 7.8
291.0 320.4 6.4
287.5 180.4 7.4
260.0 167.0 6.0
239.7 609.3 7.3
213.9 106.5 7.1
201.0 444.0 6.0
197.2 358.3 7.5
188.8 487.3 7.8
176.0 464.0 6.3
156.5 506.5 7.5
151.1 135.1 7.3
144.3 120.0 6.2
142.6 255.4 6.9
142.8 515.3 8.0
140.3 567.4 7.3
84.8 349.9 7.8
77.0 403.4 8.1
75.0 245.5 6.0
71.5 634.4 7.1
68.0 407.0 6.0
53.1 631.4 7.1
51.7 329.7 6.9
51.0 12.0 6.0
43.3 141.8 7.6
38.6 260.6 7.1
28.5 137.5 6.5
22.0 240.9 6.9
8.0 422.0 6.2
470.2 195.4 7.0
438.7 431.7 7.2
430.6 594.0 8.3
421.7 239.0 8.9
407.2 107.3 6.7
405.0 515.0 6.5
392.8 129.8 7.9
387.0 176.0 6.5
373.5 232.5 6.8
362.5 389.5 7.7
359.0 58.0 6.5
304.3 121.6 8.4
288.5 473.1 7.1
264.2 553.2 7.4
262.2 516.9 8.5
255.0 569.0 6.5
227.2 296.2 8.5
188.0 517.0 6.8
151.6 404.8 7.6
147.9 47.0 8.9
119.4 79.8 8.1
119.5 478.5 7.5
50.0 533.9 9.5
28.8 148.2 8.3
463.2 544.6 8.7
432.0 23.0 7.0
379.0 562.5 7.3
322.9 351.3 8.4
302.7 438.5 7.8
290.9 132.9 7.7
263.7 117.4 9.1
252.5 275.8 7.4
239.3 338.4 9.1
226.0 247.3 9.7
107.4 446.6 9.3
94.0 561.0 7.0
83.8 579.7 9.2
40.0 154.0 7.0
16.1 94.1 8.4
15.1 219.2 8.5
438.1 269.3 10.0
417.0 607.0 8.2
412.8 285.2 8.3
333.3 70.9 9.4
305.6 378.0 10.0
214.8 145.2 8.4
452.8 44.6 9.9
447.3 505.8 9.9
432.5 147.5 8.2
403.8 468.0 10.0
396.6 522.1 10.1
369.3 540.2 10.1
360.5 63.5 8.2
354.7 29.3 9.4
348.8 619.2 9.4
324.4 57.2 9.3
312.6 222.4 8.8
277.5 411.5 9.6
256.6 236.9 8.8
254.4 225.6 9.8
249.5 512.1 10.5
249.2 548.0 9.8
246.2 561.1 10.1
199.7 479.7 9.6
194.8 99.2 10.2
186.0 365.3 8.5
180.2 376.4 17.0
178.7 180.1 10.1
167.3 279.9 10.6
152.1 66.8 9.4
150.7 515.3 8.6
147.3 526.7 9.4
140.2 615.2 9.8
138.8 457.8 9.5
129.5 101.5 9.4
130.0 477.3 10.3
93.4 106.5 9.8
70.0 153.5 10.3
66.4 384.0 10.2
53.8 152.1 9.9
48.0 571.7 9.9
12.5 443.5 8.2
427.0 21.0 11.2
408.4 290.6 10.5
403.7 77.0 9.5
307.9 444.3 10.7
284.2 105.2 9.3
263.7 501.1 10.5
257.7 303.1 10.5
234.7 7.6 10.6
221.1 273.9 10.3
184.9 524.2 11.0
125.3 623.3 10.7
82.9 242.8 11.0
76.6 360.2 10.6
76.8 387.2 9.8
66.7 534.0 10.2
5.1 328.3 9.9
431.9 505.4 11.1
423.8 33.1 11.6
411.3 407.6 11.4
402.0 90.9 11.0
382.4 605.6 11.5
368.6 600.8 11.8
332.9 635.5 11.5
316.4 401.3 11.3
283.7 233.2 10.1
251.8 284.2 10.6
222.5 439.5 9.8
221.1 137.4 11.5
218.9 180.6 11.1
194.5 533.5 9.8
192.2 403.3 12.0
184.9 134.2 11.5
136.5 167.5 9.8
100.6 575.6 11.7
54.5 45.4 14.6
27.7 177.2 10.6
449.0 545.0 10.5
447.0 259.0 10.5
427.5 113.2 12.6
427.0 147.0 10.5
425.8 291.4 11.1
360.0 169.0 12.0
289.3 618.4 12.3
276.4 214.7 12.3
240.6 597.0 12.5
231.3 21.0 12.6
222.7 332.3 12.7
224.0 616.0 11.9
191.0 469.0 10.5
175.0 354.4 12.1
145.5 599.7 12.0
117.6 22.5 11.9
87.0 138.3 11.5
82.7 87.0 12.3
59.8 18.2 12.9
52.0 126.8 12.3
15.0 106.6 11.3
462.4 250.6 13.9
443.4 335.4 13.5
387.0 400.0 13.4
375.0 299.6 14.1
207.9 326.5 13.8
186.1 633.0 13.6
182.1 234.7 13.6
153.0 252.4 14.1
111.2 618.0 13.6
63.0 62.2 13.0
26.4 36.7 13.9
450.0 417.9 14.6
437.6 532.6 14.9
417.9 459.0 15.1
319.9 411.6 15.9
300.9 608.1 14.2
293.2 420.5 14.5
232.1 150.6 15.9
219.0 27.0 13.5
211.8 567.0 13.4
201.0 212.3 14.3
148.1 156.9 15.7
147.1 482.4 15.7
86.4 120.7 15.7
84.5 424.7 13.2
27.7 159.7 15.0
479.0 488.0 13.3
423.0 -1.0 13.3
289.0 331.7 13.7
244.0 131.0 14.4
104.1 632.9 16.2
93.0 252.3 13.7
54.7 465.7 14.8
38.3 126.0 15.4
13.4 135.1 16.0
1.0 121.0 13.3
470.5 403.5 16.6
426.3 203.3 15.7
399.0 418.3 14.8
308.0 472.0 16.1
236.5 310.8 16.7
219.1 587.2 16.9
167.4 161.7 16.6
166.0 307.0 15.0
164.4 238.5 16.6
115.7 393.1 16.5
104.5 524.8 16.7
99.5 264.9 17.1
76.6 449.6 16.3
63.1 258.1 16.5
10.6 342.8 17.6
435.9 42.8 18.0
412.9 225.1 17.6
409.0 596.0 16.1
339.6 311.4 17.6
333.6 500.7 17.5
316.3 589.4 17.5
301.9 503.6 24.5
261.2 135.7 18.8
220.2 483.8 16.5
209.4 19.7 16.8
191.0 170.1 18.0
98.0 426.0 17.8
79.2 292.1 19.9
48.2 28.9 18.4
39.0 571.0 15.6
32.8 113.2 16.9
1.7 170.0 17.9
480.1 616.4 19.4
455.1 61.8 18.8
451.8 1.8 18.7
442.9 403.3 19.4
421.4 582.4 19.1
271.2 77.5 19.1
253.9 575.2 18.8
234.4 500.8 18.0
230.0 573.7 20.4
207.1 86.9 18.3
177.7 479.9 19.1
155.9 290.1 18.8
157.1 491.6 19.2
480.5 123.5 18.3
469.4 127.1 21.0
401.8 191.4 21.5
372.4 18.2 19.7
371.8 253.1 19.8
247.8 435.9 19.8
193.9 554.1 19.5
180.3 392.7 20.0
167.8 137.5 19.5
155.4 176.4 21.4
135.9 626.3 19.8
94.7 510.2 20.3
63.6 572.0 20.9
43.8 586.2 19.8
39.7 52.3 20.0
14.3 498.7 20.0
9.5 288.9 20.8
474.3 234.2 22.1
459.7 271.0 21.5
442.4 636.9 23.7
435.3 246.7 21.7
429.7 474.4 22.5
395.1 638.5 21.7
364.1 626.0 22.5
351.4 80.4 23.0
261.0 245.1 23.7
215.5 164.4 22.8
209.5 451.1 23.6
206.0 516.0 22.5
204.4 126.7 22.6
185.8 502.4 22.0
158.1 582.5 22.3
151.4 51.9 25.3
113.0 500.0 24.1
99.4 52.2 22.2
96.1 285.2 22.0
81.6 378.4 22.1
59.7 410.4 22.6
58.7 594.2 20.8
49.5 551.8 22.2
13.6 602.2 21.7
465.4 638.9 22.9
450.8 106.7 24.6
442.1 276.9 26.0
407.8 140.6 23.9
401.8 162.7 23.3
383.3 276.7 22.9
382.4 139.9 24.5
375.7 475.0 24.5
342.4 544.2 23.9
336.0 199.5 24.0
331.9 562.3 23.5
322.4 298.1 25.9
312.8 272.3 22.5
280.5 508.1 22.6
274.7 595.9 23.4
247.7 631.0 23.5
229.8 546.3 23.3
128.5 533.7 23.4
454.3 300.3 25.6
428.3 312.0 24.4
374.8 503.0 27.3
347.0 175.5 28.2
342.7 52.8 25.9
342.4 348.0 24.9
309.9 186.3 25.8
298.6 304.6 25.0
295.3 204.0 25.6
178.1 13.7 26.3
153.4 268.6 27.5
120.2 431.8 24.7
480.9 161.0 29.6
325.2 451.2 28.2
253.6 26.3 27.9
233.9 274.6 27.9
222.0 297.0 25.6
208.7 232.7 26.8
210.4 400.6 27.5
175.5 75.5 29.3
125.4 277.9 27.9
72.0 117.0 25.6
63.9 98.1 28.9
60.8 611.3 27.2
52.1 -1.3 30.7
36.0 219.0 25.6
28.9 76.8 27.7
7.8 22.8 30.3
426.6 121.0 30.0
411.6 263.1 31.0
371.9 350.7 31.0
350.1 629.6 32.1
292.9 261.7 31.0
279.3 155.4 31.0
217.3 501.3 29.2
124.7 49.3 28.3
104.0 -2.3 32.0
97.2 601.2 29.2
82.0 20.3 30.6
78.0 570.0 27.8
43.1 293.3 30.2
39.9 235.7 30.6
8.0 524.6 31.8
481.6 92.1 35.9
418.1 347.2 32.8
416.5 387.5 30.6
389.2 231.2 37.2
352.8 325.7 35.4
314.8 535.3 33.5
299.2 232.5 33.5
292.8 567.1 34.1
269.6 537.6 34.8
211.8 367.5 32.0
200.1 296.7 31.7
186.5 575.0 33.5
139.5 81.2 33.5
88.4 547.6 32.0
30.7 418.4 32.5
33.8 549.2 32.0
12.9 255.4 36.7
10.4 478.9 37.9
468.3 518.8 37.4
453.4 609.0 36.0
409.3 499.9 37.1
368.8 203.7 36.3
352.3 282.8 37.7
349.0 481.0 36.7
345.0 593.0 35.0
341.8 387.3 37.7
321.0 91.5 35.8
197.0 605.0 36.7
192.8 46.3 37.0
187.6 259.4 38.2
179.0 161.0 33.3
143.9 19.1 38.4
127.6 579.3 36.7
116.6 141.0 37.3
70.2 213.8 36.7
36.2 319.3 37.8
22.4 192.4 38.8
3.0 397.0 33.3
460.3 462.9 40.1
446.2 219.7 44.3
400.3 316.4 42.7
380.6 102.7 39.7
337.1 251.2 38.9
338.2 518.5 41.1
259.9 323.1 40.2
238.7 107.1 39.4
185.0 202.9 39.4
163.5 617.6 41.1
109.0 181.0 38.3
99.4 466.7 39.5
80.3 393.0 38.9
475.6 30.3 46.6
442.8 169.8 43.1
429.8 73.6 41.5
368.9 571.1 42.4
295.1 118.5 45.6
265.7 595.7 40.0
249.6 389.7 44.4
172.2 105.3 48.4
163.7 543.8 45.4
143.6 370.8 44.5
107.0 95.5 49.1
75.5 183.5 45.5
76.0 637.0 43.9
11.0 569.0 40.0
472.6 572.4 47.9
411.8 547.5 50.9
383.3 50.3 47.2
339.7 136.0 47.2
236.7 63.3 47.9
171.5 324.7 50.0
114.2 227.6 49.8
69.1 502.9 47.9
50.3 448.9 51.6
250.1 186.9 52.4
254.6 473.7 56.0
113.4 318.6 54.2
41.0 370.9 52.4
367.3 433.8 54.7
301.2 365.9 58.7
477.4 354.1 66.1
302.9 30.7 65.6
163.4 433.2 62.9
