475.3 612.3 5.5
171.9 604.2 6.1
157.1 179.6 5.6
112.5 592.0 4.8
462.1 282.7 4.9
375.2 108.2 4.9
469.6 586.1 18.7
434.0 570.0 5.0
389.5 296.0 5.0
357.0 277.0 5.0
336.0 368.0 5.0
313.0 78.0 5.0
255.0 71.0 5.3
248.0 243.3 6.3
225.5 636.4 6.1
117.1 587.9 5.5
109.8 540.4 6.5
108.6 54.8 6.9
74.2 116.1 6.6
48.1 66.2 7.0
297.0 367.0 5.5
283.1 121.3 6.4
264.4 145.9 6.7
253.3 22.3 6.4
225.0 350.0 6.0
206.5 129.4 7.5
181.3 359.9 6.9
158.0 571.3 6.5
129.1 367.1 7.0
105.0 10.4 6.1
37.3 604.4 6.1
19.3 328.8 6.5
476.5 398.0 6.5
467.1 542.6 7.5
465.6 242.7 19.7
428.6 539.6 7.2
416.3 150.8 7.2
404.7 215.5 7.2
402.2 502.9 6.5
387.7 95.1 7.4
375.0 102.0 6.2
333.8 356.5 8.1
327.2 197.3 7.1
307.8 439.9 7.7
306.4 155.5 7.3
301.4 12.9 6.8
278.8 20.9 7.2
279.0 114.0 6.0
257.6 160.4 20.5
242.8 20.9 7.6
235.8 125.6 7.4
232.4 2.7 7.4
227.4 412.4 6.8
216.5 34.9 6.8
214.0 356.6 6.8
181.9 18.7 8.1
145.0 164.0 6.2
34.3 127.2 7.7
33.4 503.4 6.8
26.7 235.3 7.9
14.0 202.0 6.2
12.8 499.6 6.2
9.5 106.5 6.8
448.9 97.3 8.6
449.0 347.9 7.9
441.3 72.4 7.5
398.3 551.0 6.7
383.8 410.4 8.7
372.9 476.4 8.8
363.1 466.3 9.1
331.2 176.5 8.5
328.1 364.6 8.1
250.6 619.4 8.0
207.9 203.9 8.6
201.8 480.5 8.1
196.8 626.6 7.0
184.9 559.3 17.5
166.0 572.0 6.8
157.4 540.4 8.5
154.6 477.1 8.8
135.6 540.4 8.4
113.2 106.2 7.2
104.0 271.1 8.1
97.8 91.7 12.2
39.4 40.3 8.6
37.0 133.0 6.7
36.7 208.4 7.9
36.7 595.4 7.1
29.5 17.2 9.3
9.0 229.2 8.1
402.2 541.1 10.3
400.6 70.5 9.6
395.5 168.6 7.7
394.6 526.1 8.9
375.5 547.5 9.1
320.2 407.3 9.1
294.2 469.8 7.6
261.1 314.3 7.8
253.5 292.0 7.0
220.0 76.0 7.0
189.0 191.0 7.0
184.7 527.3 8.3
54.0 270.0 7.0
51.6 168.1 9.6
43.1 578.2 9.6
15.6 241.8 9.7
358.7 366.4 8.8
193.5 8.2 9.8
124.2 375.0 10.2
116.8 455.2 9.0
60.6 152.9 9.3
38.8 513.2 8.3
23.0 511.0 7.5
445.2 241.8 9.1
443.8 383.8 9.8
408.6 404.4 9.8
396.0 363.0 10.1
386.5 573.5 8.2
373.8 69.1 10.4
344.5 297.5 8.2
329.2 430.9 10.5
324.6 125.4 10.2
312.5 527.5 8.2
306.8 31.2 9.4
299.6 221.1 10.6
298.0 593.3 9.0
284.8 253.7 10.0
282.5 365.5 9.0
252.5 27.5 9.0
229.1 443.3 9.4
224.7 503.3 8.6
214.1 567.5 10.4
209.7 85.2 9.4
187.8 539.7 10.2
171.9 351.3 8.9
125.1 327.4 8.8
109.9 76.1 9.8
100.5 35.5 8.2
45.2 201.7 10.1
45.1 603.3 9.4
36.5 453.5 8.2
313.9 182.6 10.6
309.0 469.0 9.7
303.0 205.3 11.3
290.3 513.1 10.6
282.9 169.2 10.2
282.7 286.2 9.4
270.8 547.8 9.3
231.1 623.8 10.6
206.9 263.7 10.6
205.0 551.0 9.0
200.3 467.7 10.4
171.9 304.8 10.8
162.2 220.0 10.5
147.4 306.9 10.5
132.2 580.7 14.7
115.0 115.0 9.0
103.7 180.9 10.1
78.1 55.3 11.2
63.9 603.7 10.9
44.9 234.9 10.2
29.0 435.0 9.0
474.2 173.8 10.6
464.7 133.6 11.2
427.7 67.2 10.1
428.1 402.8 12.4
418.5 203.5 9.8
387.9 473.6 11.0
363.5 158.5 10.6
303.6 127.8 11.2
292.8 121.8 10.3
271.4 231.3 11.8
265.9 20.2 10.9
222.6 128.6 11.1
175.2 157.8 10.9
171.7 538.8 11.6
141.6 604.5 11.0
113.5 447.5 10.8
108.3 549.3 10.6
80.7 377.3 10.1
72.2 96.2 11.0
72.1 387.1 11.0
73.2 527.9 11.3
62.0 617.8 10.8
50.9 448.2 26.7
20.9 155.6 11.1
13.6 366.8 11.0
8.2 319.6 11.0
361.0 469.0 10.5
305.0 151.0 10.5
272.3 339.0 13.6
262.1 411.0 13.1
221.8 315.8 11.3
215.4 193.2 13.2
213.9 269.2 13.5
159.0 349.0 12.1
145.2 549.0 13.1
117.0 7.4 12.9
93.2 284.4 34.9
79.0 29.0 10.5
61.2 492.5 12.7
433.3 460.6 16.2
372.5 150.0 13.3
294.7 436.0 15.8
225.0 174.2 13.2
189.4 317.9 14.0
168.5 381.9 15.2
151.0 581.5 13.3
95.7 54.3 14.5
15.0 24.0 12.7
11.4 171.6 14.2
9.0 503.5 13.0
472.6 561.0 14.5
465.0 619.4 14.5
408.0 177.0 12.5
405.0 564.0 12.5
366.0 297.0 12.5
355.5 279.5 15.3
313.8 216.2 16.4
303.0 25.3 12.8
228.9 282.3 14.3
189.0 345.0 14.5
189.0 507.0 13.5
162.9 253.6 14.5
70.3 376.1 14.3
51.8 184.9 14.5
476.3 269.6 15.9
381.0 55.0 13.3
309.0 417.0 14.4
299.0 424.0 15.0
139.0 225.0 15.0
132.5 303.0 15.3
49.0 207.0 13.3
3.8 493.0 14.2
220.0 517.1 16.5
210.5 497.1 16.1
134.9 469.8 16.2
8.1 638.5 17.1
481.0 353.0 16.1
462.0 423.0 16.1
424.9 211.9 16.6
185.2 267.2 18.1
139.2 293.8 16.9
101.6 472.5 19.0
56.7 52.9 17.3
407.9 130.9 18.3
352.0 539.3 17.8
271.5 364.5 19.1
251.3 304.2 18.5
134.0 487.8 19.0
63.5 476.5 18.3
57.2 78.2 18.7
448.4 583.3 20.6
389.6 492.6 20.0
380.3 8.7 22.0
351.5 312.5 20.9
340.7 159.9 19.8
312.3 -0.6 21.1
301.7 306.3 21.1
252.7 226.9 20.7
249.5 4.5 22.3
235.5 150.3 20.4
219.7 426.3 20.4
212.3 144.1 21.1
117.3 88.5 20.9
111.7 30.9 24.5
98.0 488.0 18.9
59.9 291.3 20.3
27.1 588.2 21.2
480.4 103.3 23.6
408.6 468.5 22.8
368.6 521.8 22.3
310.8 166.2 25.2
281.3 8.7 21.1
179.2 36.4 22.0
165.5 366.7 22.9
157.4 204.4 23.3
139.8 97.6 21.9
126.1 261.1 23.2
119.3 498.6 23.1
72.8 175.0 22.9
45.2 638.2 23.0
13.2 474.8 22.1
434.0 53.0 23.1
424.4 556.4 22.7
394.5 144.6 24.4
387.5 286.2 23.5
335.8 210.7 23.3
318.2 609.8 24.4
264.0 623.6 23.7
178.0 189.9 25.9
145.3 160.0 26.2
143.5 352.2 22.9
135.8 324.6 24.6
83.3 70.9 24.3
42.6 150.4 24.4
420.3 350.3 25.6
390.5 256.6 26.9
321.7 429.0 24.1
267.8 567.6 26.1
262.7 79.5 27.4
195.4 341.1 27.7
123.0 610.3 25.6
23.0 181.0 23.3
455.9 460.9 27.4
299.6 553.8 54.7
211.0 58.2 27.9
204.6 527.8 28.5
96.8 99.1 30.2
91.1 399.1 27.5
377.3 74.3 30.6
347.1 448.6 30.1
297.7 610.5 30.6
286.6 347.2 30.9
284.4 137.3 32.4
281.9 398.5 33.1
254.3 39.7 32.2
231.8 471.8 30.6
213.9 460.9 32.1
204.4 298.6 30.2
162.0 326.0 30.6
123.9 188.8 31.0
4.7 207.3 31.7
2.7 445.2 30.6
459.7 201.3 31.5
442.5 267.6 35.8
314.7 299.2 33.6
312.0 378.8 32.0
248.6 596.8 32.5
230.6 424.4 33.6
198.5 116.0 34.6
189.0 396.9 34.4
175.4 603.9 36.0
171.4 142.2 36.9
163.2 277.9 33.9
149.6 125.0 32.9
91.3 431.6 32.5
83.7 315.2 33.5
71.1 138.9 35.8
71.1 495.4 34.3
37.0 309.2 33.5
33.2 485.0 35.1
16.6 611.6 33.1
4.3 237.3 33.6
417.5 235.4 39.1
419.0 378.0 36.7
414.4 595.3 36.7
366.0 569.0 36.7
363.0 231.0 36.7
334.0 363.0 37.5
278.9 240.1 38.5
277.5 299.0 37.9
255.0 266.6 36.0
247.0 342.3 35.6
224.3 231.2 36.3
160.1 634.1 37.6
157.0 -1.1 39.2
103.0 347.0 35.0
101.8 517.6 38.2
90.2 624.2 36.7
77.4 23.0 37.9
473.9 355.0 41.1
445.0 403.4 41.4
426.3 433.7 40.1
401.9 496.7 41.0
373.7 333.7 40.1
321.6 331.0 39.7
307.0 197.0 36.7
283.0 50.3 38.9
227.2 317.2 42.0
188.7 239.1 41.8
139.2 549.8 42.7
111.0 125.0 36.7
109.7 151.0 38.9
95.0 465.0 38.3
68.0 605.0 40.9
37.4 262.6 40.1
39.2 352.6 42.4
37.1 405.5 39.4
464.0 37.3 43.9
439.6 633.1 45.1
424.1 305.2 43.9
388.5 440.6 44.5
349.8 122.4 41.6
263.6 441.7 43.2
242.8 384.8 44.7
240.9 562.3 45.1
232.8 96.2 43.1
208.1 593.5 42.3
187.0 489.0 40.0
172.8 84.8 43.9
170.4 452.4 44.7
152.8 44.8 43.9
119.6 594.6 44.9
482.5 297.5 43.9
447.6 158.9 47.9
399.7 38.3 47.2
355.5 396.1 46.7
358.7 614.3 48.8
343.5 29.8 48.5
268.3 194.3 47.9
215.2 173.6 48.4
160.8 508.6 46.7
77.8 570.5 46.5
30.9 0.1 52.7
16.0 64.4 47.3
415.2 557.0 52.4
371.3 191.8 51.2
321.9 249.4 51.2
254.4 515.4 53.3
132.2 85.5 52.4
449.5 507.1 60.6
430.8 105.4 57.4
329.5 488.9 56.3
311.9 89.4 58.1
137.6 410.2 57.4
87.7 221.1 58.2
28.0 538.2 63.0
