384.7 143.6 5.2
139.4 259.7 5.7
107.3 218.1 4.8
78.3 31.1 4.8
58.8 290.2 5.0
194.4 207.9 5.9
138.1 579.7 5.1
116.0 491.0 4.5
27.9 109.9 17.6
10.7 371.7 4.9
427.9 548.6 5.1
143.5 66.5 4.8
356.4 197.5 6.3
310.6 427.8 6.1
287.0 467.4 6.2
255.2 190.8 6.2
197.7 274.0 5.2
106.0 409.9 6.7
65.9 391.8 5.8
59.5 589.5 6.0
11.4 410.9 6.3
387.3 49.3 5.7
359.5 575.4 6.7
347.1 547.7 7.0
323.0 211.1 6.8
288.3 209.4 6.8
245.8 54.1 7.1
234.0 243.0 6.2
216.8 161.9 7.2
63.9 596.5 7.5
63.0 307.5 6.5
25.4 553.0 7.0
477.0 580.0 6.5
460.0 464.3 7.6
457.0 563.7 8.5
435.2 465.8 7.6
426.0 245.0 6.0
409.9 465.1 8.4
393.3 12.0 7.0
387.5 575.7 6.9
375.2 148.9 6.5
368.0 118.0 6.0
358.1 599.9 8.6
352.8 353.3 6.8
353.4 376.1 18.8
335.0 384.2 7.8
316.0 30.6 8.0
313.3 635.5 7.3
308.0 294.3 8.7
300.2 144.5 6.4
280.0 13.0 6.0
262.0 32.2 8.2
251.5 45.2 7.0
251.8 128.4 6.7
240.7 64.8 6.8
221.6 470.1 6.8
213.9 346.6 6.6
196.0 482.2 6.6
190.9 189.4 7.3
173.0 615.0 6.0
153.0 50.5 6.7
148.0 43.4 6.7
78.2 299.8 8.2
53.4 460.3 7.2
50.5 75.4 6.6
23.7 168.1 7.2
8.5 185.5 6.7
448.7 625.0 6.8
381.1 406.2 8.6
364.7 47.0 8.9
342.1 306.6 7.4
325.0 343.0 6.5
317.4 265.2 8.0
305.4 417.4 8.1
280.0 446.0 6.7
275.2 246.4 6.9
184.0 524.0 6.5
174.9 475.5 7.6
155.8 510.2 7.9
92.7 460.2 8.3
72.1 619.5 8.6
46.9 12.9 7.5
45.0 306.1 8.8
29.0 595.0 6.5
16.7 558.0 7.8
470.3 198.9 9.0
470.0 540.0 7.0
419.5 523.7 8.5
418.9 394.8 8.9
402.7 572.5 8.9
389.0 118.5 7.0
332.5 548.4 9.4
291.7 80.3 9.2
280.1 480.4 9.5
254.1 601.4 10.8
237.0 445.0 7.0
213.8 183.5 7.6
165.1 388.0 8.6
141.4 388.7 9.4
125.2 143.4 8.0
85.7 312.3 8.8
21.2 405.4 8.2
458.3 93.5 9.4
345.7 507.7 12.5
253.5 261.3 10.0
244.2 36.2 9.8
229.4 477.0 9.7
221.7 393.3 9.8
207.0 397.0 7.5
201.0 405.0 8.3
183.0 285.0 7.5
77.1 319.6 9.3
454.4 496.2 10.0
387.2 87.0 10.2
369.6 579.5 10.2
356.7 229.3 9.4
342.2 352.1 10.6
299.9 534.6 10.1
250.5 143.5 8.2
204.7 291.3 9.5
121.7 556.2 9.7
79.9 462.5 9.7
78.4 280.9 9.4
66.5 95.5 8.2
59.1 613.7 9.2
54.0 111.7 10.4
28.3 470.7 10.4
26.0 12.4 10.1
5.3 559.0 9.3
479.0 307.0 9.8
427.7 480.1 10.3
426.8 248.0 11.0
413.6 611.6 10.5
362.8 450.3 9.4
357.2 25.8 10.6
351.3 13.5 11.0
327.0 501.0 9.0
324.9 345.4 10.9
299.2 136.8 9.6
213.3 461.6 11.4
149.8 342.3 10.3
132.7 435.3 10.6
117.4 413.6 10.5
117.2 567.5 9.9
65.3 87.1 10.7
65.7 402.6 10.5
54.8 255.8 9.8
38.9 487.6 11.0
32.3 626.5 10.3
4.5 60.5 11.1
471.9 141.4 11.5
467.7 170.7 11.7
402.7 18.7 10.0
303.7 615.1 10.9
252.8 361.2 10.1
242.9 401.6 12.3
233.9 180.0 30.3
205.3 224.0 27.2
188.1 509.5 11.8
184.3 207.5 11.1
172.3 516.4 11.7
168.5 595.5 9.8
140.5 485.5 10.9
94.7 490.1 11.9
89.8 16.6 11.4
63.4 19.1 13.3
16.6 207.4 11.3
443.8 357.8 11.2
436.0 534.6 12.9
431.3 174.7 12.5
405.0 543.0 11.0
360.3 564.7 12.7
311.0 495.0 10.5
292.4 489.0 12.3
277.0 579.0 12.1
267.0 378.5 12.0
260.3 17.7 11.7
223.0 87.7 11.6
185.7 376.8 12.5
177.0 540.2 11.7
128.5 268.8 11.5
126.4 457.6 11.8
119.0 87.0 10.5
70.0 279.0 12.1
67.3 357.0 12.0
53.7 318.3 11.5
37.0 31.6 11.9
31.7 427.4 13.0
469.4 624.8 14.5
435.5 147.0 14.0
420.7 405.6 13.6
391.7 168.3 13.0
312.8 128.5 14.0
303.0 246.0 13.8
262.7 426.3 12.6
234.3 288.3 12.4
235.6 311.8 15.4
213.0 484.5 13.1
210.1 101.3 13.6
198.0 279.0 13.3
184.4 245.0 14.1
141.0 192.6 13.5
117.8 326.3 13.9
107.5 69.0 12.9
81.0 408.0 14.4
58.5 486.0 12.0
438.0 600.0 12.5
423.4 622.6 14.1
383.2 236.6 16.6
378.9 603.4 15.3
288.7 597.0 13.4
264.1 452.3 14.5
252.1 277.0 15.1
231.0 45.0 12.5
228.1 113.1 14.9
185.2 569.2 14.0
179.1 593.9 14.9
76.1 384.8 16.0
479.0 509.0 13.3
391.0 91.5 14.2
343.8 128.6 14.0
322.6 223.6 15.7
313.0 569.0 33.3
286.3 355.7 28.5
215.0 407.0 13.9
190.1 311.0 15.2
146.0 65.0 13.9
79.7 177.0 14.6
9.0 299.8 14.7
4.5 155.1 15.4
2.6 35.6 16.1
395.4 394.8 17.3
389.3 139.7 15.4
371.9 360.1 16.9
354.2 217.1 16.2
354.2 242.9 17.1
340.9 280.1 16.3
284.9 545.7 16.2
283.0 25.0 15.6
103.8 99.0 15.3
83.0 267.0 15.0
61.5 420.5 16.8
30.9 567.9 16.0
8.2 514.0 16.0
440.2 131.2 16.9
408.0 233.4 16.8
376.8 536.4 17.1
333.7 468.2 17.6
294.8 106.9 17.7
286.1 518.8 18.8
236.0 432.1 17.0
136.8 94.4 17.1
111.1 545.8 17.7
102.7 568.3 18.1
95.6 72.2 18.4
43.7 67.1 17.9
27.6 537.9 17.1
1.5 400.2 18.5
452.8 135.5 19.3
443.4 409.7 18.6
378.3 26.2 21.4
375.6 39.2 18.7
373.8 564.8 20.2
345.3 574.4 18.6
328.5 292.4 19.5
233.8 240.8 18.3
220.2 103.2 18.3
191.4 448.9 18.1
176.4 34.9 19.2
166.2 206.4 18.3
149.2 330.3 19.0
27.1 371.8 19.2
11.5 15.5 19.6
467.8 452.2 19.4
454.3 606.7 20.0
420.1 417.3 20.3
371.7 426.3 21.1
359.9 301.5 21.8
335.7 595.9 21.2
323.6 66.6 20.2
321.4 247.1 20.2
313.7 410.3 19.2
312.7 14.9 21.8
310.7 515.8 21.9
303.6 202.4 20.0
301.9 516.7 20.5
280.6 96.0 21.0
276.5 445.6 21.5
267.4 406.6 20.2
264.0 175.8 21.0
222.2 61.9 20.6
216.0 317.0 20.0
186.9 630.4 27.8
148.4 396.6 20.2
137.3 156.5 20.0
135.8 290.3 20.7
110.1 293.8 21.7
80.5 5.2 20.4
62.5 435.5 18.3
49.8 350.8 18.3
451.3 159.8 22.5
415.4 552.1 23.3
398.4 535.3 24.9
397.0 553.7 21.7
363.0 543.8 22.9
357.7 412.3 21.8
335.1 14.1 22.9
319.6 442.2 22.0
300.2 273.2 22.6
235.7 251.4 21.4
222.2 199.4 22.8
201.4 518.6 22.5
181.5 267.6 21.8
123.9 108.0 21.7
118.3 602.6 22.6
104.0 314.0 20.0
101.7 271.4 22.6
99.4 196.4 22.5
91.7 223.2 22.9
43.7 367.7 21.8
32.9 482.9 23.4
21.2 41.7 22.9
376.1 389.0 23.8
336.2 215.8 25.8
332.0 427.4 25.2
306.1 598.4 23.7
278.5 605.5 21.7
275.9 243.9 23.0
253.0 331.3 23.2
215.4 262.6 22.0
159.4 484.6 24.6
52.1 388.1 24.5
12.9 433.9 24.6
407.0 267.0 23.3
385.6 118.2 25.3
345.0 448.0 25.1
244.9 0.4 28.0
237.4 142.4 25.1
138.8 314.4 27.4
32.3 404.7 28.8
14.1 575.8 25.8
456.0 333.0 25.6
441.2 434.3 28.8
369.0 250.5 25.6
364.9 129.2 29.7
344.4 253.1 28.9
334.1 530.2 30.4
270.0 252.0 25.6
240.5 378.7 27.9
171.6 282.7 30.9
163.5 239.1 29.5
148.4 452.1 30.7
145.1 127.9 27.9
139.6 633.2 28.5
136.1 597.6 27.9
129.5 73.2 29.5
70.1 499.9 27.9
48.1 37.8 32.4
48.3 583.2 28.0
43.3 514.7 28.0
38.0 264.0 26.3
22.9 290.4 28.7
8.5 80.2 29.3
414.8 139.0 30.6
415.1 165.9 30.6
363.5 190.9 31.7
324.8 367.7 29.9
279.7 134.0 30.6
264.7 159.1 32.2
258.0 208.8 30.0
237.0 354.0 27.8
108.0 440.7 32.0
73.2 210.3 29.2
68.3 339.0 30.6
50.7 9.3 29.2
477.0 550.2 32.0
472.3 204.1 35.6
438.3 199.4 33.1
421.2 231.8 34.6
383.5 168.5 30.6
270.6 61.6 35.1
265.5 513.8 35.0
241.1 415.7 34.7
206.7 173.0 31.5
206.4 371.5 34.3
101.7 626.7 33.5
79.0 246.4 32.9
74.9 55.4 33.5
46.1 456.3 32.5
3.2 467.0 35.1
455.8 520.2 38.9
396.7 199.9 36.2
385.7 277.0 35.6
323.0 330.0 36.7
289.5 34.6 38.4
252.2 472.9 38.0
246.2 80.2 36.7
207.0 51.7 34.4
202.0 141.0 36.7
168.3 165.7 37.2
88.3 357.7 37.2
31.0 243.0 36.7
459.0 281.0 36.7
402.3 437.1 40.1
344.2 321.5 40.2
295.8 391.4 38.7
251.0 221.0 36.7
189.1 439.8 39.5
177.9 417.9 40.1
155.0 18.3 37.8
120.1 243.9 39.5
110.5 517.9 40.1
87.0 79.0 38.3
18.1 327.4 40.7
5.1 370.7 40.5
430.7 584.1 44.7
294.6 197.7 43.3
280.4 309.6 44.7
225.9 314.5 43.9
181.8 345.0 41.9
152.7 560.5 41.9
129.6 360.1 42.9
120.9 17.7 43.3
93.2 134.4 44.7
95.2 595.5 46.3
89.2 469.1 45.8
320.4 158.9 47.3
137.5 227.5 43.9
418.1 362.7 52.4
373.0 637.0 47.8
343.0 392.0 47.8
302.4 467.8 54.9
202.6 0.1 59.1
173.7 497.4 58.4
171.1 88.1 50.6
69.9 545.9 51.7
479.0 383.6 69.2
427.5 309.7 65.4
373.7 489.4 68.3
341.2 82.9 73.5
228.9 562.6 69.0
43.5 162.4 71.2
431.1 41.6 89.0
