320.7 316.9 4.8
310.0 553.0 5.0
268.5 16.5 5.7
238.3 242.9 5.2
370.5 205.9 6.1
331.7 622.1 6.0
217.4 505.9 5.2
403.5 455.4 6.4
280.8 480.5 6.4
121.3 277.6 5.7
477.0 114.0 5.3
448.7 129.0 6.4
366.2 483.7 5.9
194.0 180.0 5.0
150.6 308.7 6.2
143.2 525.1 6.4
76.2 498.1 6.5
439.0 417.0 5.5
429.2 417.3 6.7
428.4 44.3 6.7
410.0 511.3 6.7
344.6 153.3 6.3
334.4 457.3 6.4
308.5 379.4 7.1
285.7 535.4 6.7
263.2 25.7 6.8
258.9 512.1 6.6
257.1 302.2 7.1
236.0 585.0 6.0
109.9 592.6 7.1
60.0 297.5 6.6
25.0 155.5 7.0
436.3 78.9 8.3
414.6 133.7 7.1
374.9 80.3 6.5
360.6 546.4 7.8
356.0 539.0 6.2
349.6 100.0 6.7
349.0 314.5 7.2
328.5 463.0 6.2
325.9 563.9 7.8
292.9 603.6 7.1
269.3 131.1 6.5
259.0 331.0 6.3
255.3 134.3 6.7
240.9 275.1 7.4
235.1 500.5 6.8
219.6 41.1 7.9
216.0 320.0 6.2
202.5 406.5 6.5
200.0 251.0 6.0
196.0 52.1 7.4
195.0 541.3 6.6
163.1 470.4 8.6
131.0 576.0 6.5
36.6 504.5 6.8
448.0 636.0 6.5
442.9 232.1 7.2
395.7 181.8 8.2
369.6 581.2 7.7
356.3 388.0 6.7
344.3 590.2 7.5
327.6 76.3 8.5
316.7 328.4 7.2
310.9 320.6 7.3
128.3 557.1 7.6
120.5 553.0 6.7
403.6 588.4 8.8
328.8 391.5 8.1
307.7 204.3 8.9
306.9 566.8 9.7
301.3 171.0 7.8
295.0 149.0 7.0
262.8 611.1 8.2
79.0 259.2 8.7
36.3 256.2 7.6
20.0 589.0 7.0
9.8 160.8 8.8
415.7 274.3 9.9
341.8 492.5 9.5
211.7 491.2 9.2
204.2 76.7 9.7
126.6 568.5 8.9
104.5 118.5 9.6
461.9 247.9 10.0
423.4 35.5 10.2
416.9 75.6 10.6
392.6 364.2 10.4
382.7 74.4 10.4
348.7 239.9 10.0
347.6 298.4 10.3
334.5 603.3 10.6
293.7 291.8 10.1
235.1 372.2 10.2
228.8 302.5 10.1
226.8 151.2 9.4
207.1 479.4 8.8
89.8 195.6 10.0
80.8 484.7 10.5
78.7 394.4 10.4
56.2 289.2 9.5
44.5 101.8 10.3
31.2 563.3 9.8
30.5 263.5 9.0
453.0 20.8 10.4
415.0 540.0 9.7
405.5 71.0 10.9
402.5 432.8 10.6
353.9 516.0 10.2
340.1 607.5 11.4
330.4 144.4 10.8
301.5 44.6 10.4
286.7 411.1 10.4
225.0 633.0 9.0
185.2 461.2 9.8
173.3 179.7 10.6
144.8 119.2 9.4
77.6 169.4 11.3
35.0 249.0 9.0
25.5 55.1 11.0
467.6 79.8 11.8
407.3 282.7 11.5
382.4 405.1 11.2
278.9 145.3 12.0
278.3 559.6 11.2
219.8 523.6 11.4
190.8 260.4 12.0
185.3 171.1 11.5
175.1 161.4 11.1
134.5 143.5 9.8
472.8 24.6 12.7
471.4 434.2 12.3
447.0 113.0 12.9
399.6 125.0 12.0
363.0 106.1 12.2
293.3 636.1 12.0
279.0 296.7 12.6
267.8 569.3 12.6
266.7 407.3 13.0
262.7 138.0 12.6
249.6 497.0 12.6
236.7 567.5 12.5
189.0 553.3 12.7
30.3 315.0 12.1
415.4 510.9 15.2
408.0 175.3 12.9
350.6 198.0 13.2
308.1 293.9 14.9
227.9 471.0 14.1
135.8 330.2 12.8
81.0 204.5 12.9
478.6 295.1 16.8
477.9 475.4 17.7
442.0 327.0 14.5
410.2 499.1 14.8
394.3 296.3 13.1
365.1 495.7 15.3
339.9 507.1 15.9
333.7 482.3 14.3
293.7 379.6 13.8
260.7 386.4 16.0
245.7 307.3 14.6
214.8 405.0 13.2
202.1 446.6 15.5
132.6 262.8 13.7
119.6 387.1 15.7
476.3 125.0 13.7
468.9 218.1 15.7
465.0 1.0 13.3
313.8 309.1 15.8
309.0 343.0 15.0
205.0 9.7 14.1
172.1 -0.3 15.4
143.0 131.9 14.8
112.9 571.7 15.3
453.2 312.6 17.4
448.9 173.9 16.0
447.7 49.1 16.5
400.0 377.0 15.6
392.4 278.4 16.4
376.5 603.1 16.1
372.9 388.0 16.8
204.3 173.1 16.2
86.4 12.0 16.5
52.6 270.2 15.1
40.8 54.8 16.7
466.6 569.2 17.8
450.8 72.8 18.1
387.0 37.9 18.4
373.7 137.4 16.8
369.0 539.0 16.1
228.8 282.8 17.8
133.2 83.9 17.5
133.2 580.8 17.1
77.1 186.1 17.7
33.6 518.7 17.5
480.5 637.5 19.4
469.3 178.3 18.3
434.7 342.9 19.0
366.0 529.0 18.7
333.2 372.5 19.9
325.3 126.7 18.3
221.2 604.2 18.3
202.0 37.7 18.8
185.6 108.2 19.4
144.1 277.9 19.3
71.2 273.3 20.4
65.8 218.4 18.7
29.4 72.8 19.0
438.0 32.0 19.6
333.6 305.8 21.1
254.7 555.0 20.5
248.9 298.6 22.3
232.9 260.5 20.7
223.1 298.9 20.8
209.4 54.0 20.8
199.6 570.4 20.3
193.8 155.8 21.3
163.9 273.9 20.6
158.3 158.9 19.7
149.9 178.9 21.2
149.7 257.3 19.8
137.2 188.0 22.6
137.4 396.0 21.0
75.7 294.8 20.8
462.2 50.9 22.9
413.3 122.3 23.8
397.5 440.8 21.7
385.7 379.9 23.5
313.2 147.8 22.6
297.8 528.0 21.9
288.3 546.8 23.2
220.8 578.6 22.1
201.0 426.3 21.5
163.5 107.0 22.9
131.0 42.7 24.3
113.6 266.0 21.7
94.2 584.4 22.9
79.3 601.6 23.7
78.3 459.1 22.7
67.0 303.0 20.0
38.8 127.2 21.7
11.4 603.0 22.7
481.1 503.3 24.7
464.6 197.2 25.0
441.5 193.9 23.3
375.8 56.2 22.5
358.1 564.1 23.3
356.1 509.5 23.0
352.6 473.5 24.7
311.6 362.8 23.3
303.8 235.9 24.3
241.8 515.9 24.6
212.5 593.5 21.7
199.7 125.9 24.3
150.8 330.6 25.3
92.1 478.2 26.5
84.1 231.9 24.2
48.9 318.1 23.7
6.2 310.1 23.1
1.6 270.6 23.1
460.3 624.0 25.0
446.8 220.7 26.5
369.9 227.0 26.2
266.1 533.6 24.7
224.3 489.1 27.7
214.1 145.8 27.4
186.5 17.1 28.3
109.6 162.1 25.2
82.1 507.8 27.2
65.7 201.1 25.6
43.4 33.0 26.0
25.7 582.0 25.0
14.0 36.0 24.6
463.4 140.0 29.2
434.4 133.8 26.9
426.8 55.6 29.0
407.1 340.7 28.5
322.7 94.6 27.4
313.0 504.9 27.6
280.4 395.3 29.4
264.7 12.3 29.3
264.4 363.8 28.5
199.7 467.4 30.7
187.4 594.9 27.9
163.3 205.7 28.0
137.4 541.6 27.5
119.4 70.8 29.7
119.1 132.1 27.9
99.0 49.5 26.7
94.9 183.2 29.7
89.8 260.1 29.8
55.5 172.1 28.9
18.9 248.1 28.5
479.2 597.2 34.6
469.0 102.9 30.6
459.7 356.3 30.6
459.6 451.9 31.0
455.2 284.2 30.2
437.1 1.0 36.3
426.1 442.8 31.7
408.7 25.6 30.6
375.4 425.4 30.2
367.4 277.9 29.9
365.4 360.1 31.0
358.0 591.7 30.6
313.2 389.8 30.6
310.9 422.8 31.0
279.5 616.0 29.2
190.9 192.8 31.5
187.5 351.9 31.8
137.0 105.9 32.4
137.4 157.4 32.1
103.6 97.2 29.8
104.5 404.9 31.7
105.9 447.8 31.2
100.9 290.4 30.1
24.1 98.3 30.6
481.5 259.2 34.8
479.2 324.0 37.7
453.6 487.7 33.5
426.7 166.4 32.5
424.8 369.1 35.1
419.1 478.7 34.1
396.3 146.4 34.6
398.8 607.3 33.5
391.0 252.8 34.2
386.9 510.9 34.1
384.6 466.9 34.2
337.4 38.2 33.2
324.2 586.2 32.6
313.2 620.8 33.1
287.1 581.4 35.1
277.8 503.8 34.4
249.9 584.5 36.3
228.4 442.8 33.2
210.5 240.8 33.5
210.6 380.1 33.5
205.0 275.0 32.0
169.7 136.4 34.0
153.9 22.0 34.6
138.7 461.9 32.5
132.7 304.7 34.1
110.8 19.8 32.9
73.0 31.0 32.9
59.2 482.7 33.5
55.5 528.7 32.0
3.9 67.2 33.8
3.3 431.1 35.4
433.0 253.0 36.7
350.3 74.3 37.8
349.7 136.3 36.1
348.8 399.2 37.8
344.0 441.0 36.7
335.0 223.7 35.6
299.0 69.0 36.7
255.0 471.4 37.3
227.7 15.7 37.2
223.8 547.4 35.3
200.4 626.9 38.4
173.0 239.7 35.6
171.0 443.4 36.0
136.6 425.0 37.3
54.1 245.0 37.8
36.1 443.9 37.6
21.9 338.1 37.6
422.2 305.3 42.0
425.3 637.0 41.1
408.8 407.6 39.6
392.9 97.1 39.4
370.9 178.8 41.4
333.9 338.4 39.5
304.2 17.7 39.5
272.9 434.2 41.0
265.0 47.0 38.3
240.7 406.7 38.1
241.4 623.2 39.2
162.9 567.5 41.7
151.7 366.1 42.0
72.9 427.1 38.9
32.0 287.4 41.5
374.9 319.6 45.3
333.3 537.8 44.8
325.8 180.1 44.4
294.6 118.9 44.4
177.2 402.8 41.9
98.2 541.8 43.9
6.3 134.4 45.6
436.5 585.2 47.2
407.3 210.4 49.5
394.8 558.6 47.9
368.4 1.9 54.0
360.9 633.7 49.6
307.2 464.8 48.0
182.9 311.1 48.8
125.5 501.8 48.0
60.3 570.6 45.8
58.1 632.9 50.8
10.3 545.0 51.1
457.8 402.9 55.6
443.0 533.6 50.4
327.4 268.4 51.2
282.9 324.3 52.4
275.1 267.1 51.4
229.8 337.4 51.6
77.4 135.1 56.0
66.1 78.8 54.6
11.1 486.0 57.1
167.1 67.1 57.3
124.8 228.1 59.0
35.0 389.7 65.0
16.9 200.1 68.1
182.6 516.0 69.0
240.4 100.8 77.1
93.1 350.1 75.7
125.0 627.2 81.1
255.9 195.6 95.3
