442.7 146.0 5.1
17.4 198.5 5.4
430.9 456.3 6.1
284.7 143.9 5.0
272.4 112.0 5.2
219.6 94.7 5.0
179.2 476.8 6.2
80.8 194.1 5.7
71.9 298.9 6.0
62.9 79.2 4.9
41.4 107.0 5.9
37.3 177.5 5.5
34.2 548.0 5.2
455.4 91.5 5.7
399.4 198.5 5.2
288.2 112.2 4.9
222.7 578.5 6.1
73.6 40.9 5.1
54.6 440.6 6.5
12.7 467.9 6.7
382.2 173.1 5.6
341.6 272.1 6.3
336.6 168.4 5.9
244.0 224.0 5.0
226.1 280.1 7.1
221.4 57.6 5.4
118.2 613.0 6.8
113.2 300.9 6.2
99.5 457.0 5.3
69.5 90.0 6.6
64.0 446.0 5.0
60.2 85.2 6.8
54.7 515.7 5.2
45.8 243.2 6.7
33.0 247.5 5.0
24.6 505.9 5.9
20.6 154.1 6.2
363.0 344.6 6.7
307.8 177.8 7.5
291.9 630.7 6.6
273.0 43.0 5.5
271.4 264.5 7.7
267.7 273.0 7.5
252.8 575.6 6.7
209.7 44.9 6.8
210.2 332.7 6.1
190.9 406.2 6.8
184.5 391.4 6.3
180.8 594.5 6.6
92.7 316.4 6.7
79.8 39.3 6.2
26.5 430.2 6.6
25.5 158.3 6.5
6.6 284.0 6.3
467.0 174.7 7.4
449.6 481.5 6.4
381.4 511.5 6.7
289.3 163.5 7.1
278.6 272.3 6.8
262.7 291.7 6.0
231.0 78.0 7.5
213.9 394.1 7.7
112.0 580.5 7.3
78.6 11.4 7.1
67.3 464.8 8.5
56.7 122.5 6.6
32.2 534.8 7.9
7.1 436.5 7.1
461.2 211.4 8.1
426.8 211.5 7.0
343.1 356.5 8.5
337.0 59.0 6.5
281.5 634.8 8.4
239.0 54.7 7.3
204.7 487.6 8.4
172.6 401.2 8.5
141.3 406.7 8.4
94.2 111.2 8.3
51.2 65.2 7.4
46.5 563.5 7.5
42.5 58.7 7.7
38.6 556.5 7.9
31.5 10.9 8.9
10.4 194.4 7.9
476.5 181.0 8.7
473.0 54.0 7.0
351.0 205.3 9.8
311.6 64.1 9.8
244.0 42.0 7.0
207.9 96.2 9.4
188.2 474.2 9.3
157.7 540.1 9.7
144.1 283.2 9.2
132.0 49.0 7.0
105.5 365.3 10.0
176.4 602.9 9.5
91.1 373.1 10.1
62.0 17.4 9.2
390.1 191.4 10.1
377.2 209.7 9.4
353.1 185.3 9.5
342.6 48.2 9.7
323.7 19.8 10.2
304.0 583.4 11.5
198.7 478.1 9.6
106.1 96.8 9.8
101.9 54.1 10.0
97.3 389.0 10.7
66.2 585.5 10.1
4.5 405.4 10.2
2.5 201.5 8.2
451.1 457.5 11.4
302.5 147.5 9.8
110.6 620.6 11.9
94.5 491.5 9.8
457.0 161.0 10.5
363.0 69.0 12.5
239.0 533.0 12.3
232.3 483.0 13.2
138.7 452.0 14.2
87.0 609.0 11.5
377.2 276.8 14.0
351.0 573.0 12.5
409.1 132.3 39.0
345.3 318.9 40.6
57.3 199.7 42.2
113.7 464.0 50.7
134.8 504.2 54.7
348.0 197.9 60.5
51.4 431.6 67.8
427.7 344.7 75.8
290.0 505.3 73.3
48.2 96.8 85.4
430.9 624.4 106.8
375.1 415.6 114.5
62.7 273.3 118.2
314.5 571.5 119.4
162.7 180.3 131.5
179.7 291.7 137.5
