319.8 111.5 10.5
127.7 384.3 10.5
431.4 312.3 12.3
391.7 528.3 12.0
155.2 277.2 13.4
333.9 511.4 12.8
218.5 235.5 13.2
210.9 163.9 13.3
184.2 532.2 13.2
180.2 506.1 13.1
156.1 217.1 13.2
62.1 630.2 12.7
47.8 492.2 12.5
307.4 221.4 12.6
266.4 152.9 12.9
232.1 562.4 12.7
212.8 463.5 14.3
117.3 564.2 15.5
59.4 317.4 13.3
53.3 509.5 13.4
41.5 630.5 12.1
31.1 383.9 14.0
13.6 391.0 14.2
373.3 261.9 14.3
205.4 499.7 15.7
386.7 209.3 15.1
377.1 520.1 15.4
207.1 582.1 16.1
51.3 240.6 17.7
143.0 232.0 18.0
126.0 42.9 16.7
72.8 290.4 18.3
444.0 266.0 17.1
413.3 407.5 18.4
212.7 265.5 18.8
205.7 314.9 18.0
198.4 479.8 18.9
173.0 0.0 16.4
155.9 505.0 19.4
154.3 564.9 19.0
85.6 451.0 19.2
62.8 448.1 18.8
14.9 593.8 17.8
356.4 188.7 19.5
334.1 635.7 20.0
235.0 147.3 19.3
446.7 332.7 21.1
439.7 85.4 20.9
378.9 605.1 19.9
335.2 226.3 21.4
324.0 335.5 20.6
260.5 509.3 20.2
257.7 338.7 22.3
145.1 313.3 21.3
139.7 259.0 22.6
133.0 347.0 20.3
101.1 193.2 21.6
33.0 204.7 22.4
473.0 399.1 22.7
420.8 61.2 21.7
292.8 607.4 22.4
282.5 513.3 22.3
185.8 123.4 23.1
179.8 427.8 22.6
103.2 24.9 23.9
74.6 8.8 23.4
45.3 269.7 24.6
34.7 71.3 21.8
16.8 443.5 22.6
15.5 361.6 22.7
432.3 353.4 23.3
424.6 173.7 23.3
370.4 449.3 24.2
355.0 622.6 24.0
167.3 407.4 24.0
64.6 405.8 25.5
47.9 561.3 24.6
36.5 457.3 24.4
476.8 347.9 28.7
412.5 279.3 25.3
410.2 36.5 26.9
399.3 355.1 26.1
329.3 271.3 25.7
209.1 134.9 26.7
169.2 198.2 26.8
152.9 67.3 27.1
140.4 26.1 26.6
137.6 535.4 26.1
128.1 194.8 26.5
80.7 550.3 25.5
313.1 582.3 29.7
262.9 535.8 29.4
197.7 186.2 29.5
84.8 115.2 28.0
42.2 359.9 30.2
36.4 320.1 29.8
456.2 426.0 30.5
452.8 371.4 29.7
367.7 234.7 30.2
355.8 287.0 31.6
324.8 17.7 32.0
312.6 246.6 30.6
293.9 29.5 30.7
261.7 22.7 30.2
242.3 209.9 30.9
241.7 601.8 32.6
172.3 96.9 30.6
479.8 14.5 32.1
439.2 13.5 34.2
397.6 97.6 33.6
397.1 252.0 34.0
330.2 72.0 33.1
321.9 303.9 34.6
257.6 566.9 32.6
227.4 17.1 33.1
207.1 438.1 33.7
126.1 442.7 34.7
6.8 55.9 35.7
402.3 582.7 35.6
182.0 568.1 35.9
476.6 293.9 42.0
453.1 194.2 37.9
422.4 467.7 40.2
405.2 313.7 38.5
166.1 470.8 40.3
102.6 524.7 39.9
460.3 52.2 42.8
454.5 151.5 43.1
415.3 215.1 42.6
370.9 550.5 42.2
401.6 146.2 47.4
373.4 63.2 47.5
363.9 338.5 46.8
347.8 128.4 49.1
178.3 36.2 48.6
151.8 615.4 46.6
104.2 149.2 46.9
103.5 228.0 48.4
65.8 54.7 49.2
467.0 242.1 55.4
369.0 0.1 55.2
113.6 80.4 53.2
87.5 588.5 51.3
8.8 543.3 57.3
456.3 558.2 61.1
310.0 179.7 62.3
301.6 458.9 67.3
284.1 388.8 76.4
247.8 288.3 75.8
23.3 152.5 76.2
179.2 342.7 83.1
237.9 73.9 84.6
