258.5 143.5 5.5
422.2 384.8 5.8
351.9 36.7 4.7
336.0 283.7 5.8
293.3 26.0 6.0
462.4 236.3 6.0
412.7 74.2 5.5
362.5 209.5 4.8
91.7 273.7 5.7
9.5 53.5 4.8
474.0 401.0 5.0
443.0 12.3 5.5
439.0 73.0 5.5
427.2 179.3 7.7
414.0 421.5 5.8
395.0 389.0 5.0
293.1 159.5 5.8
258.7 136.0 6.5
224.6 150.4 6.4
192.0 294.0 5.0
163.0 3.4 5.8
64.8 505.2 5.8
455.0 406.0 6.2
446.0 42.9 6.5
446.0 155.0 5.5
437.8 62.2 6.8
340.0 4.3 7.5
340.2 141.0 6.9
330.8 103.5 6.6
326.3 359.4 6.7
319.4 454.1 6.9
311.3 84.0 7.2
117.5 466.0 6.0
449.0 261.2 7.0
440.5 328.2 6.8
433.9 248.8 7.0
416.1 606.1 7.7
413.8 488.1 8.1
389.6 574.6 7.0
369.4 182.7 6.9
350.7 336.8 6.6
350.7 412.3 7.2
337.0 133.5 6.5
332.5 388.0 6.5
325.2 117.4 6.8
318.3 370.1 7.5
315.8 577.0 6.5
312.9 147.5 6.7
295.0 308.3 6.3
275.7 26.4 8.0
265.0 460.1 6.7
210.9 328.2 6.9
184.2 348.1 7.2
155.1 281.4 6.5
154.2 290.5 6.6
148.2 255.9 8.0
140.2 298.4 7.6
124.4 283.0 6.4
121.2 15.3 7.6
119.3 369.6 6.8
106.7 392.3 6.6
100.7 81.0 6.7
97.4 50.6 6.6
95.2 415.2 7.6
67.2 35.0 6.7
17.0 12.4 6.4
12.5 269.2 6.7
457.1 227.8 7.7
420.5 241.0 8.3
350.6 395.9 7.2
332.0 636.3 6.8
323.0 290.0 6.5
287.5 480.2 6.7
271.3 143.3 8.0
228.0 355.4 9.3
221.7 232.1 10.6
222.0 380.5 6.8
170.8 145.9 9.0
160.1 321.1 8.0
138.5 449.1 7.6
110.1 298.4 8.0
107.6 358.3 8.7
50.8 568.2 8.4
23.9 473.7 8.8
372.7 113.0 7.2
231.7 157.5 8.7
221.8 109.8 9.4
128.3 373.1 9.6
31.5 570.0 8.7
21.6 453.6 9.4
18.0 264.0 7.0
321.8 306.6 9.5
132.5 252.2 9.8
470.8 462.1 10.1
462.1 265.9 9.5
462.1 410.0 9.8
442.8 489.7 9.0
336.6 69.2 9.8
326.5 237.5 8.2
302.5 50.4 9.3
288.8 17.2 10.7
275.1 527.8 10.2
248.7 385.7 10.4
192.5 505.5 8.2
187.7 291.6 10.1
142.6 262.3 9.5
100.5 277.5 9.0
80.5 252.2 10.5
70.6 495.1 10.7
420.8 590.5 11.2
308.9 454.1 10.6
295.2 634.5 11.3
288.6 164.8 10.1
265.4 422.3 10.6
254.6 496.3 11.0
209.5 344.2 10.5
205.4 409.6 11.1
98.9 263.6 10.5
89.3 128.4 10.6
86.6 453.9 10.1
432.9 481.4 11.8
414.1 379.4 11.3
352.5 199.3 11.9
144.4 461.6 11.1
125.7 458.0 10.7
72.6 442.0 11.4
57.6 293.6 12.2
219.0 387.0 10.5
376.0 633.0 14.2
309.0 63.0 11.5
228.3 369.2 14.3
473.2 480.0 13.6
207.8 208.9 14.0
31.7 534.5 15.3
473.6 226.2 17.0
234.5 464.1 42.5
213.0 631.0 16.7
365.6 294.0 21.6
33.1 307.2 20.9
444.4 306.1 24.0
331.4 86.0 25.8
241.0 4.4 38.1
134.8 355.8 32.9
379.0 47.7 34.4
291.0 432.0 42.0
283.0 73.0 38.3
160.3 329.0 38.9
117.0 455.7 42.6
467.2 331.8 48.6
302.8 338.3 48.0
422.9 39.4 51.2
262.1 523.4 58.2
416.2 162.2 60.9
482.8 38.2 65.8
228.9 66.6 69.0
392.7 294.3 79.2
356.7 492.3 79.2
430.5 542.2 86.7
383.2 417.8 90.9
42.3 393.0 90.8
32.3 182.7 89.2
346.3 217.7 99.6
122.2 197.4 99.6
474.6 124.1 117.2
71.6 312.1 120.1
273.3 270.3 115.9
163.5 613.5 190.5
138.0 57.7 220.7
