418.2 37.8 5.0
471.4 432.6 6.2
380.1 131.3 5.9
375.0 613.5 5.1
475.5 458.5 4.8
453.5 483.5 6.1
420.3 31.3 5.3
417.6 130.8 6.4
388.6 571.3 6.3
377.9 343.6 6.2
376.4 626.3 6.0
370.1 564.5 5.3
330.3 200.8 5.5
293.5 451.4 6.2
277.5 115.0 5.9
195.2 200.5 4.9
193.7 590.9 7.0
190.5 507.3 5.6
141.9 316.5 5.2
65.7 525.7 5.8
476.2 75.0 5.6
471.0 94.0 5.0
461.0 60.0 5.0
456.0 505.0 5.0
441.3 85.7 6.1
433.1 269.3 6.2
410.0 112.0 5.4
397.5 394.0 6.4
385.0 387.0 5.2
384.0 617.0 5.2
360.5 122.0 5.2
348.9 548.7 5.8
348.0 335.5 5.0
346.0 439.0 5.2
305.5 116.1 7.1
294.2 288.8 6.3
288.0 571.0 5.0
284.4 129.0 6.6
280.9 141.1 6.8
275.0 272.0 5.0
267.1 381.2 6.2
252.5 203.5 5.9
246.5 236.0 5.3
232.7 233.8 5.2
219.2 308.8 7.0
216.8 179.2 6.8
216.7 477.7 7.0
207.8 245.0 6.1
195.0 313.0 5.0
187.5 328.0 5.0
188.0 346.0 5.0
183.7 504.3 5.0
174.3 599.1 6.3
133.0 571.0 5.0
117.0 388.0 5.0
115.8 542.9 7.2
106.5 594.5 5.0
106.0 462.0 5.0
104.0 575.0 5.0
87.0 84.0 5.0
75.0 337.0 5.0
57.3 493.5 5.1
53.7 503.9 6.6
42.0 583.0 5.2
32.1 564.1 6.4
14.2 358.5 6.7
455.2 142.0 6.8
447.2 264.2 6.6
409.7 512.9 6.9
369.2 379.2 6.9
344.5 7.0 7.3
343.0 607.0 5.5
316.0 497.4 6.5
308.0 446.0 5.5
303.0 70.0 5.5
287.3 116.6 6.4
264.9 320.4 8.0
228.4 371.8 6.2
226.7 56.0 6.9
222.9 119.3 7.1
211.4 485.4 6.9
209.9 91.3 7.7
181.0 21.0 5.5
155.3 421.8 6.7
38.8 535.2 7.0
33.9 379.6 6.5
461.8 241.7 6.8
412.6 199.0 7.5
397.9 300.5 7.7
394.5 532.2 7.0
377.6 541.4 6.8
359.4 135.5 8.0
347.6 320.6 8.7
342.6 107.3 7.3
333.1 104.3 7.8
332.5 347.3 7.3
323.7 326.4 8.2
318.7 432.1 6.9
311.0 329.3 7.2
306.4 8.2 7.9
259.4 209.4 7.1
238.2 390.0 7.8
235.1 217.1 6.9
227.0 521.0 6.0
220.2 534.0 6.5
195.0 257.4 8.2
187.7 267.3 8.0
181.3 291.1 7.7
154.0 308.2 7.5
129.4 212.7 7.8
30.5 588.4 6.8
22.9 461.7 7.4
19.6 439.4 7.3
14.2 513.7 8.0
449.3 42.7 8.9
393.7 284.2 8.9
380.5 492.3 8.8
340.0 120.0 6.5
337.9 79.7 8.9
274.2 482.3 8.8
253.3 637.5 8.3
231.4 78.6 9.0
203.2 478.7 8.8
153.8 500.8 9.4
107.6 86.4 8.5
102.4 473.7 8.4
96.1 423.2 8.9
85.7 448.3 8.5
78.9 528.4 7.2
51.7 477.4 6.9
26.8 364.8 9.3
24.0 572.2 8.8
21.4 557.4 7.3
7.4 250.5 8.7
476.0 138.1 8.9
397.3 508.8 9.3
381.2 330.1 9.7
337.6 330.3 9.0
245.4 13.5 9.9
239.6 582.9 9.1
208.3 497.7 7.6
169.7 294.4 8.9
149.0 429.0 7.0
115.6 563.6 9.9
23.9 506.2 9.5
353.5 15.2 9.9
352.8 577.2 9.0
313.5 57.9 9.6
434.6 550.2 10.4
385.8 360.1 10.2
188.5 521.9 10.3
164.9 193.7 10.5
164.8 409.2 10.5
125.8 612.1 9.8
37.3 114.2 10.4
28.5 443.5 8.2
25.9 339.5 10.2
457.7 447.3 10.6
431.8 477.4 10.5
430.1 358.3 11.1
417.8 446.0 11.0
390.3 196.9 10.7
301.6 597.5 10.8
298.6 460.9 10.9
285.8 160.1 11.0
272.6 395.6 10.6
251.9 384.8 10.7
222.2 93.8 10.8
151.2 219.7 11.2
113.1 109.2 11.1
457.5 23.7 11.2
436.4 465.1 11.2
417.9 561.8 11.2
236.9 565.3 12.0
118.3 470.2 11.1
71.3 347.8 11.3
63.9 536.5 11.1
38.9 552.6 11.3
28.3 240.1 11.0
14.9 400.6 11.1
1.5 349.5 9.8
468.9 624.9 12.5
425.6 334.4 12.1
395.6 373.0 12.1
359.5 215.0 12.5
303.0 363.0 12.5
222.6 549.0 12.5
215.5 257.0 12.5
207.0 358.3 11.5
197.2 396.8 12.7
195.0 490.0 12.5
135.4 525.0 11.7
435.0 23.4 13.5
399.7 459.0 12.8
348.1 621.0 14.4
318.5 111.0 12.9
151.0 258.0 13.8
24.2 535.0 13.5
478.9 45.5 16.7
471.0 467.3 14.0
468.2 269.2 14.9
444.6 57.1 15.8
390.6 244.8 13.7
387.0 311.3 14.8
365.1 582.1 15.9
293.2 63.4 14.7
268.2 444.7 14.9
210.8 213.0 14.8
167.2 543.0 14.0
117.0 623.2 14.8
102.8 354.1 15.7
93.7 135.0 15.2
43.5 393.0 15.2
18.6 124.1 15.4
35.0 425.0 15.0
405.0 421.0 15.0
371.0 25.0 15.6
202.9 521.1 16.2
426.9 91.6 16.5
306.0 551.0 16.1
109.0 499.7 15.9
94.9 487.9 16.6
45.2 201.8 16.9
7.3 81.4 17.4
0.8 135.0 19.0
464.8 587.2 18.3
383.2 447.6 18.0
336.1 638.7 19.0
302.7 570.7 18.3
191.6 136.7 18.6
67.3 77.3 18.3
474.7 568.4 20.5
439.2 152.2 19.3
429.0 46.0 19.4
419.1 143.6 20.8
412.7 278.1 19.7
410.9 1.8 21.3
350.6 88.9 20.4
306.7 476.2 19.2
264.0 124.0 19.6
240.7 547.3 20.0
224.3 272.7 20.0
198.3 414.9 19.7
88.2 463.8 20.0
13.0 424.3 19.4
13.2 475.1 20.7
9.3 377.5 21.5
443.5 128.5 22.1
421.6 110.7 21.4
404.7 320.3 20.8
363.1 605.3 21.4
251.6 402.7 21.4
245.7 255.7 21.0
242.4 91.2 20.7
199.8 544.4 22.0
155.2 334.3 21.7
143.7 125.8 22.2
131.9 543.8 21.3
104.5 520.5 22.2
85.8 227.8 20.6
69.9 136.9 21.7
17.7 222.7 21.7
3.2 108.3 23.0
461.8 548.3 22.8
418.3 531.1 23.9
379.5 56.4 23.5
324.6 560.6 23.5
314.1 236.2 23.0
286.1 313.9 24.0
278.5 590.3 23.4
257.9 426.1 23.0
242.1 117.9 23.0
224.3 403.6 23.5
214.7 133.3 23.4
65.8 216.2 22.5
37.6 517.1 23.5
35.1 485.9 23.5
19.3 634.2 28.6
469.2 488.5 24.4
464.0 154.6 26.1
449.5 102.0 25.0
403.9 176.2 25.1
396.7 344.7 24.8
361.3 276.0 25.6
329.7 453.0 25.6
289.0 497.0 24.4
207.0 334.0 25.1
183.5 564.5 25.0
146.6 617.0 25.1
131.5 28.3 24.4
123.0 586.2 25.6
106.7 191.8 24.8
97.7 165.8 25.9
69.0 294.3 25.6
19.7 196.8 25.9
480.2 109.9 30.4
458.9 412.3 27.4
426.0 382.5 26.7
404.8 48.2 28.0
398.3 126.7 27.9
392.8 597.2 28.0
270.7 563.2 27.2
248.9 331.3 27.4
205.0 378.2 28.4
199.6 109.4 27.1
178.8 87.7 28.3
163.7 519.1 27.4
135.6 297.1 27.9
128.9 334.3 27.5
110.1 405.1 27.9
109.5 442.5 26.7
69.0 369.0 26.7
45.0 351.0 26.7
350.8 350.6 31.1
349.7 490.3 28.3
332.4 22.4 30.0
316.6 75.8 28.9
304.2 617.2 30.6
199.3 286.8 30.6
192.7 612.3 29.6
172.5 314.7 29.4
139.2 444.2 29.2
140.7 476.3 29.6
129.4 365.6 29.9
98.8 328.8 30.0
76.3 504.3 29.2
75.9 109.1 30.6
57.4 564.6 31.1
25.8 8.4 30.6
423.8 585.2 33.5
301.4 30.4 32.2
233.0 468.7 31.5
227.2 432.8 33.5
222.7 13.3 32.3
199.0 161.8 32.8
150.7 567.1 34.1
119.1 141.9 34.8
66.7 172.7 32.3
46.5 447.3 32.0
39.5 76.2 32.8
39.7 602.7 31.5
397.0 81.0 35.0
391.0 549.0 35.0
377.0 153.0 36.7
365.0 239.0 34.4
355.0 530.0 36.7
327.0 591.0 33.3
279.0 345.0 35.0
215.0 575.4 37.3
165.7 41.0 34.4
163.0 148.0 36.7
164.3 361.0 35.6
107.1 248.6 38.5
103.0 293.0 35.0
69.2 634.8 37.8
433.0 501.0 38.3
326.3 137.9 40.1
275.0 91.0 38.3
268.1 521.4 40.1
248.7 295.3 38.6
227.2 505.8 40.9
184.5 228.7 39.4
138.0 180.0 39.2
91.0 547.0 38.3
82.9 594.5 39.4
55.0 37.0 38.3
420.4 625.5 43.9
316.6 299.1 41.0
289.7 412.5 43.9
262.8 44.8 44.7
177.0 438.2 44.7
142.8 81.8 43.9
97.3 26.4 42.2
67.2 407.2 41.3
35.7 147.4 43.3
15.2 295.0 45.4
325.2 383.6 48.4
291.1 187.6 47.9
452.8 300.6 53.3
443.0 187.3 54.4
368.5 408.1 51.4
246.4 155.9 53.5
57.3 257.1 56.3
