121.0 14.0 5.5
323.8 166.8 7.1
132.0 114.0 6.5
75.0 192.0 6.5
100.8 577.6 8.7
240.5 111.5 8.2
227.4 260.2 9.9
466.5 487.5 9.8
241.3 296.7 10.9
66.5 189.5 9.8
65.5 72.5 11.0
441.0 522.0 12.0
157.0 125.0 15.6
50.8 374.0 41.4
118.9 5.8 59.3
355.4 147.6 58.4
28.7 -0.5 73.5
187.2 217.5 69.1
60.5 486.8 68.0
482.7 416.8 75.8
267.0 407.5 79.4
249.5 182.8 75.7
243.0 541.0 68.9
172.0 564.4 77.1
212.6 490.6 84.4
179.0 72.8 85.4
393.0 231.2 90.8
154.7 393.8 89.4
100.1 317.0 88.9
275.9 47.5 119.7
465.3 125.1 139.5
383.4 619.9 128.2
318.3 498.5 129.0
71.3 151.4 133.4
361.3 343.7 148.5
