321.9 169.5 4.7
301.8 156.8 4.6
180.0 403.5 4.8
152.8 518.7 4.9
24.9 115.2 5.3
279.6 321.1 6.0
37.1 252.2 6.4
400.5 405.8 4.9
162.0 20.0 5.0
152.1 383.4 6.4
70.4 22.1 6.9
463.4 511.1 6.5
145.1 263.5 6.5
137.1 285.0 6.9
102.0 202.0 5.5
80.0 431.9 6.3
327.0 139.0 6.0
317.4 221.1 6.9
268.0 587.0 6.3
244.4 471.1 6.9
217.0 555.0 6.0
210.0 40.4 7.2
198.5 402.5 7.2
196.0 242.0 6.2
176.6 439.3 6.8
163.9 168.2 7.0
159.4 437.3 6.6
151.0 173.0 6.0
134.0 10.3 6.5
104.6 21.4 6.8
90.9 262.7 7.8
76.0 134.0 6.5
44.1 41.4 7.1
36.2 145.5 6.6
15.8 73.7 7.5
11.6 237.9 7.4
6.5 360.5 6.5
4.7 199.0 7.3
388.2 420.5 7.6
355.9 253.1 7.4
321.2 199.1 7.1
258.5 37.2 8.4
257.9 146.2 9.0
249.7 55.4 8.3
244.0 158.7 6.7
132.8 58.7 9.5
132.7 495.5 7.9
130.2 593.8 6.9
126.0 108.7 8.0
108.3 255.1 8.6
107.7 45.0 6.7
85.1 569.7 18.0
54.4 108.4 6.9
49.3 230.2 8.2
27.0 609.0 6.5
460.6 589.6 9.3
405.0 384.0 7.0
268.0 303.4 10.4
218.8 449.4 8.8
165.8 178.5 8.5
147.4 373.1 8.4
130.5 441.2 8.1
127.5 21.8 7.5
101.2 623.5 9.5
99.4 313.3 8.7
70.5 198.5 8.0
48.7 177.7 9.4
332.1 239.1 10.3
51.0 455.1 9.5
454.3 328.0 10.7
338.2 321.8 10.0
209.8 633.3 8.6
100.5 219.5 8.2
96.5 211.5 8.2
56.8 546.3 8.6
10.4 106.7 9.2
359.0 333.0 9.0
354.0 96.0 10.1
348.8 323.2 9.4
348.5 341.3 13.4
302.7 335.3 11.4
277.6 130.8 9.9
194.7 185.8 10.5
172.8 125.2 9.7
154.9 597.1 11.0
105.3 33.8 9.4
466.5 335.5 9.8
398.9 224.5 11.8
394.6 155.7 12.9
244.5 43.5 9.8
224.9 168.5 12.5
190.5 553.5 9.8
152.9 454.7 11.8
442.0 231.0 11.0
264.6 27.0 12.9
264.0 376.9 16.1
233.8 441.4 12.2
225.0 420.6 12.5
175.4 546.3 12.2
354.0 411.0 11.5
314.6 72.5 16.1
108.2 404.9 15.5
51.7 246.3 15.8
30.0 3.0 12.0
21.9 44.4 15.8
449.7 21.4 19.3
390.9 524.0 15.3
330.7 72.7 16.5
189.4 160.8 13.4
445.3 544.4 15.1
319.2 519.9 14.2
291.0 631.0 13.3
340.2 31.9 18.0
226.8 635.7 18.4
151.5 471.3 19.7
40.2 538.1 20.2
165.7 34.8 21.7
374.9 139.6 25.0
252.5 558.8 23.5
458.4 184.9 26.8
253.9 524.3 26.1
81.5 222.0 25.0
14.6 177.4 24.7
352.0 228.0 27.0
2.9 608.4 27.4
289.7 257.0 35.6
411.0 585.0 52.2
132.6 226.1 57.4
134.8 327.2 54.7
386.5 297.5 57.2
