326.0 542.0 5.9
404.2 244.5 6.1
360.5 27.6 6.2
255.8 240.2 5.1
430.0 177.8 6.2
418.5 198.5 6.0
386.1 41.9 6.5
356.4 21.2 6.4
348.0 251.5 5.0
285.1 5.4 5.5
272.4 572.4 6.6
223.5 360.5 5.4
204.1 83.7 6.1
176.0 90.3 5.2
146.0 562.0 5.2
135.0 400.3 5.3
32.5 58.0 6.3
27.6 172.6 6.1
454.3 327.0 5.8
451.5 100.5 6.0
439.3 563.4 6.4
407.8 251.8 6.8
355.1 133.7 7.1
315.4 517.5 6.7
311.3 143.7 6.5
304.4 131.9 6.6
296.5 424.5 6.3
295.1 416.9 6.7
295.5 431.7 6.5
248.9 290.0 6.7
234.3 79.2 6.7
230.6 90.2 6.4
225.7 528.7 7.0
224.0 410.8 6.1
207.3 178.4 6.8
202.8 62.5 6.7
168.0 538.2 6.4
148.9 542.6 6.8
95.3 276.1 7.4
16.0 123.0 6.0
454.0 352.0 6.3
449.5 449.7 7.5
443.1 319.2 8.0
424.7 348.7 7.8
421.7 206.7 7.3
408.2 305.5 7.5
406.5 366.9 7.6
398.7 264.1 7.1
392.1 475.4 7.2
375.3 500.2 6.4
362.3 139.9 7.5
340.9 114.6 6.9
335.0 50.5 6.3
322.0 313.6 7.5
320.4 230.3 7.5
320.0 83.0 6.0
316.8 177.1 6.9
315.5 331.4 7.8
298.3 321.6 7.7
285.0 265.3 8.3
257.0 480.3 7.0
245.9 320.1 7.5
243.7 267.3 7.9
238.4 470.4 7.0
233.3 463.1 6.8
227.4 279.5 6.9
216.6 98.3 8.3
215.5 610.7 6.6
212.0 257.1 7.1
209.6 104.6 8.0
200.9 98.0 6.7
194.9 43.7 7.4
194.2 104.1 8.3
163.0 178.6 6.8
144.0 332.1 8.0
140.0 282.0 6.5
134.3 64.7 7.3
110.0 42.6 6.8
96.9 235.3 7.5
84.0 257.0 6.0
80.0 632.0 6.2
77.1 261.8 7.9
62.0 127.2 7.9
61.0 241.7 6.3
56.7 85.2 6.9
55.0 611.3 7.5
48.7 101.1 7.4
8.0 121.0 6.3
447.3 226.5 8.7
414.7 19.7 6.8
330.3 328.8 9.0
311.0 136.0 6.5
303.8 170.2 9.2
246.3 475.1 9.0
228.1 222.8 9.3
215.0 558.0 6.5
209.2 40.1 7.5
201.0 566.0 7.6
198.7 585.7 9.1
193.9 634.2 7.5
187.3 409.0 8.5
153.0 576.0 6.7
146.0 607.0 6.5
135.2 320.5 8.8
128.4 58.2 8.0
119.3 278.5 8.2
88.9 460.1 8.7
89.0 489.0 6.5
80.4 579.2 6.7
66.3 451.9 8.0
49.5 277.0 6.7
29.8 35.6 7.4
28.3 351.7 8.8
25.9 162.1 9.4
15.8 294.4 8.7
381.9 248.2 10.0
378.1 559.6 9.6
317.0 431.1 9.3
303.8 541.7 10.0
240.5 494.0 10.0
232.1 523.3 9.1
206.3 358.8 7.6
173.0 413.0 7.0
165.2 480.0 8.5
152.5 186.5 9.8
132.0 342.7 9.6
113.9 556.1 9.2
111.5 340.4 9.6
110.4 385.3 10.0
96.1 535.1 9.6
84.6 567.3 9.9
28.3 366.1 9.5
20.0 588.0 9.6
19.0 60.0 7.0
420.8 408.5 9.4
421.7 432.1 9.9
407.5 545.9 10.0
384.7 66.4 10.0
220.3 141.3 10.2
220.7 200.5 10.1
106.9 548.1 9.4
464.8 617.8 8.7
450.3 412.8 9.0
426.0 420.8 10.0
351.8 111.3 8.6
243.5 536.2 10.9
195.4 280.4 10.0
134.9 289.6 10.3
130.7 364.4 9.2
123.7 268.4 9.9
118.7 290.4 10.4
93.9 442.8 10.4
78.0 439.9 10.2
70.3 570.6 9.5
66.2 114.8 10.1
63.4 498.3 10.3
50.7 8.6 9.9
16.2 31.6 10.4
4.3 56.2 10.1
452.4 125.8 10.6
409.8 339.7 10.9
377.6 112.3 10.7
370.1 579.3 10.6
327.0 599.0 9.0
321.6 199.1 10.4
307.9 388.8 10.7
299.7 559.1 11.0
292.5 158.7 10.8
264.6 26.3 10.3
263.8 514.3 10.4
201.7 255.1 10.8
167.3 257.7 10.2
113.4 621.9 10.8
105.7 65.1 11.3
79.0 501.0 9.0
64.0 602.6 10.5
56.1 270.1 10.6
41.5 86.5 10.1
6.6 43.9 10.5
472.9 4.6 11.7
379.2 485.9 11.3
373.1 233.9 11.0
367.3 43.5 11.7
353.8 190.2 11.0
334.5 179.7 11.4
324.5 288.8 10.6
307.2 423.3 11.5
259.9 187.1 11.3
260.3 632.2 11.6
209.4 571.7 11.5
193.8 144.2 11.1
136.4 49.4 11.5
116.9 364.5 11.3
116.9 543.1 11.5
77.7 621.1 11.5
69.3 91.3 11.3
56.8 94.7 11.2
26.7 301.3 11.5
7.8 189.4 10.8
4.6 515.5 11.9
439.3 62.5 11.5
393.0 48.5 12.0
351.0 33.0 11.5
351.0 241.3 12.0
333.0 521.4 12.5
317.9 33.4 12.8
277.6 217.2 11.9
265.0 444.0 12.1
249.0 503.0 12.5
199.3 267.0 12.0
190.3 471.0 11.5
181.6 249.0 11.8
181.9 563.1 13.1
178.0 198.4 11.5
170.2 333.0 11.8
163.5 401.8 12.4
138.3 363.0 11.5
95.0 81.0 12.5
93.0 261.7 11.9
87.0 239.4 12.5
473.7 433.8 12.5
402.7 461.3 14.0
292.0 534.5 12.4
192.0 344.6 13.2
158.7 631.0 13.5
39.0 431.4 13.5
460.3 45.0 13.4
453.5 18.8 13.4
430.5 165.0 12.5
426.7 99.0 14.0
344.9 10.9 15.1
234.8 288.0 14.5
225.4 623.7 14.8
195.0 395.8 13.9
192.8 209.5 15.2
82.3 582.7 13.4
44.2 69.0 14.5
391.0 35.0 14.4
259.9 389.0 15.2
246.4 86.4 14.8
113.7 23.0 15.0
104.5 563.0 14.4
429.1 39.7 16.5
258.3 215.1 16.2
197.0 187.8 15.3
176.7 523.8 15.9
156.8 132.8 16.7
121.6 5.0 18.7
428.8 241.2 16.9
377.0 -1.0 16.1
340.9 139.9 16.6
320.7 400.7 17.2
283.1 126.2 17.4
149.3 572.7 17.9
135.2 383.8 16.9
24.6 543.0 18.4
12.8 182.5 17.6
416.0 34.7 17.8
387.8 16.8 18.3
278.3 514.3 19.6
233.3 354.4 18.1
205.0 155.9 19.0
197.0 231.0 18.9
160.8 264.5 20.3
93.6 290.2 19.4
282.7 443.3 20.0
141.9 609.7 19.0
135.0 550.5 20.7
121.8 406.2 20.6
93.6 472.2 19.6
94.3 628.3 20.4
19.4 55.5 20.4
453.5 431.8 23.6
313.8 158.5 22.1
264.0 537.4 22.4
219.2 246.1 22.4
209.8 122.4 21.3
160.3 552.5 22.7
89.8 1.9 24.1
283.6 553.4 25.5
269.1 70.8 23.5
266.2 424.8 23.0
214.0 214.6 24.7
185.5 543.6 23.5
67.3 478.2 24.7
414.6 75.1 27.9
344.1 219.1 27.9
287.1 102.1 27.9
11.6 384.7 30.4
400.8 439.3 29.2
118.4 483.6 30.0
101.1 316.6 30.6
90.4 360.4 30.1
93.8 412.3 33.1
331.0 185.0 35.0
227.0 437.0 36.7
126.0 181.0 36.7
298.5 214.6 41.4
236.9 179.0 39.7
140.3 515.7 38.3
21.2 8.4 45.1
390.5 218.2 41.9
230.0 538.0 43.1
214.2 495.8 43.2
165.4 228.7 45.1
272.5 407.5 43.9
173.2 159.5 48.0
120.2 587.1 49.3
14.0 85.6 51.5
472.7 93.1 61.0
243.0 589.0 50.0
88.0 167.0 47.8
57.9 306.9 54.0
14.0 143.4 54.3
307.9 267.5 60.8
249.9 126.0 60.1
248.7 231.3 54.7
177.9 305.6 57.4
176.1 594.6 57.4
135.0 9.0 52.2
59.0 403.4 59.4
16.6 630.7 58.7
452.7 577.0 63.0
313.0 373.8 65.0
299.7 616.5 63.0
262.2 318.5 65.0
230.5 24.8 59.1
174.0 57.3 60.0
177.9 368.4 66.0
163.8 432.3 63.0
72.7 41.2 63.7
463.7 387.9 76.3
405.4 132.1 69.0
405.5 627.5 62.8
374.6 400.9 68.5
324.9 547.0 67.3
440.5 187.5 72.2
356.0 310.5 72.2
330.2 475.2 75.7
51.0 213.0 68.9
11.0 461.0 68.9
465.8 292.5 91.7
442.3 499.4 82.9
334.2 78.3 79.2
122.7 111.3 80.4
