428.6 440.8 6.1
306.2 61.8 5.5
273.0 287.0 4.5
184.0 531.5 5.6
377.0 31.7 5.7
127.7 257.9 6.0
400.2 506.2 5.8
379.3 427.9 6.7
376.6 58.3 6.5
367.2 89.5 5.8
307.6 164.9 6.3
165.5 18.1 6.9
159.0 308.6 5.6
155.0 289.0 5.0
22.0 626.5 5.3
432.4 578.2 6.7
399.0 87.8 6.8
381.9 326.1 6.8
303.0 411.5 5.8
284.0 391.5 6.2
247.5 543.9 6.3
159.7 284.8 6.7
98.3 232.3 7.1
451.0 294.0 6.0
431.2 118.6 6.5
429.6 601.4 7.1
414.5 430.8 7.2
412.5 67.6 7.2
378.6 14.6 6.7
371.8 586.1 8.5
365.9 414.5 7.5
362.0 269.8 6.7
350.5 97.0 6.5
350.4 259.4 7.8
337.1 385.5 7.0
328.0 510.0 6.0
317.5 251.0 6.3
314.0 159.6 6.4
314.3 21.4 7.3
309.2 88.6 8.7
309.0 420.0 6.0
293.8 391.5 6.3
288.0 505.0 6.3
283.6 190.7 6.3
235.5 601.0 6.0
229.0 449.0 6.0
227.0 454.0 6.0
217.8 601.6 6.6
205.0 140.0 6.0
198.0 54.8 8.6
190.3 362.5 7.2
160.5 28.9 8.4
144.0 508.5 6.5
132.8 100.1 7.6
131.3 235.1 6.7
119.1 171.9 7.8
85.7 553.0 6.7
34.3 55.3 6.6
16.3 343.0 8.2
431.9 538.4 9.2
419.0 382.0 6.5
393.9 571.3 11.0
311.8 206.4 8.3
295.4 172.3 8.9
241.8 360.3 8.4
231.8 311.7 9.0
219.3 399.4 8.2
91.1 67.0 8.8
401.8 629.7 9.4
341.6 457.0 9.1
313.8 55.1 10.4
246.1 529.1 8.8
218.5 415.5 7.4
206.0 115.0 7.0
170.7 126.4 9.5
34.0 208.5 9.9
26.4 109.4 9.1
26.5 41.1 9.9
18.0 145.5 7.0
455.4 37.1 9.3
447.2 85.0 10.2
364.7 125.3 10.3
308.1 43.0 10.4
306.8 216.2 9.0
304.2 548.9 10.2
405.5 479.4 10.7
254.2 172.9 9.5
35.1 635.6 9.6
25.8 264.1 10.2
20.2 113.7 9.1
465.0 541.0 9.0
458.6 66.8 10.8
317.9 280.0 10.2
289.6 31.3 11.0
274.2 421.3 11.2
149.0 57.0 9.0
147.7 143.8 10.3
130.4 389.8 10.9
114.4 218.0 10.8
68.9 583.1 11.3
41.0 165.0 9.0
30.0 610.7 10.6
4.8 331.2 9.8
429.5 45.8 11.5
416.4 31.9 11.2
334.3 477.4 11.6
309.3 395.3 11.5
307.1 430.9 11.9
269.8 263.6 11.2
224.6 164.3 10.9
206.8 305.8 11.3
175.7 137.9 11.0
158.3 494.1 10.9
124.9 211.1 11.8
30.1 228.4 10.6
465.8 75.0 12.9
388.0 589.1 12.7
356.2 112.4 13.0
346.5 511.3 13.1
283.1 110.7 12.7
179.8 79.2 13.4
145.9 111.0 12.8
138.0 19.2 12.0
125.7 233.2 13.8
96.6 534.9 13.3
59.5 316.8 12.7
342.7 525.0 14.0
315.7 234.8 14.1
144.1 186.7 13.6
72.2 215.4 13.2
456.8 513.0 14.5
430.5 429.8 14.1
421.3 291.6 16.5
417.8 346.8 14.9
368.9 629.7 15.1
329.2 374.7 14.5
168.2 6.1 15.5
135.7 419.1 14.9
130.3 582.9 15.0
90.9 364.1 14.6
79.7 277.4 14.2
65.1 266.0 14.5
60.6 380.0 14.0
48.5 442.4 14.1
2.7 63.1 16.9
444.9 17.7 16.5
435.0 7.0 13.3
369.0 585.0 13.3
256.4 551.4 15.5
249.7 124.6 15.4
163.0 609.0 15.0
50.0 465.8 16.9
412.4 367.6 16.2
403.9 413.1 16.3
368.7 346.1 16.0
203.9 364.1 15.4
204.9 485.7 17.2
96.8 568.6 17.6
91.0 598.3 17.5
65.0 282.7 15.2
231.8 550.2 17.5
221.7 190.3 17.6
264.2 521.2 19.8
240.1 633.8 18.6
153.8 123.8 18.7
143.6 478.7 18.6
143.0 571.0 16.7
71.9 196.9 18.3
468.9 538.6 23.1
444.6 459.3 21.8
342.6 267.3 22.4
341.8 340.2 19.4
323.5 406.4 20.6
318.0 12.2 21.5
117.7 600.1 21.1
91.7 158.1 21.1
79.3 534.6 21.5
29.6 59.4 21.3
17.4 160.4 21.1
465.5 15.7 22.2
431.5 370.5 22.1
299.8 126.4 22.3
271.8 18.8 21.7
243.4 16.3 21.9
186.4 585.0 22.9
145.9 597.0 24.1
137.5 41.8 22.3
119.4 182.9 23.3
424.3 84.1 24.3
290.3 634.3 27.1
219.6 20.1 23.1
150.1 232.0 23.2
120.3 150.3 25.2
113.9 14.5 23.5
45.2 84.8 24.3
10.2 85.0 24.4
55.0 391.1 26.8
4.0 35.2 27.5
475.7 341.7 29.6
373.8 250.6 27.3
344.0 447.0 27.0
233.8 383.0 28.5
223.0 96.0 27.0
195.3 0.3 31.4
162.9 492.5 28.7
159.0 639.0 26.7
146.6 202.3 29.3
116.8 554.0 28.0
108.8 379.2 28.3
85.7 441.1 27.4
12.2 457.5 28.3
451.0 394.7 30.3
450.6 123.2 33.6
440.8 259.6 33.6
263.6 400.4 29.9
229.8 66.5 29.6
136.6 452.8 30.6
77.7 254.3 29.6
469.2 617.0 33.6
385.2 389.2 33.1
336.3 294.8 33.0
320.6 149.9 34.0
240.8 249.5 34.6
235.6 482.7 34.8
222.6 211.0 34.4
160.4 99.3 35.7
141.2 524.8 33.1
61.0 423.1 34.1
17.6 368.6 32.9
5.8 622.7 35.4
444.6 44.3 41.4
369.5 617.1 38.8
228.6 285.0 37.3
40.1 294.1 36.7
3.0 414.2 39.1
469.8 570.4 42.4
384.6 431.0 40.5
264.5 292.9 39.4
161.2 371.2 38.9
70.1 502.6 40.2
31.0 583.0 38.3
375.2 27.5 45.9
311.0 271.5 43.9
126.0 350.4 46.1
455.0 225.4 47.3
344.3 227.3 45.2
174.8 411.6 51.2
130.9 299.3 47.3
110.1 109.4 47.9
305.7 591.5 52.4
282.9 224.9 51.4
271.7 455.1 52.3
205.6 133.6 51.4
188.6 532.9 52.4
182.9 187.1 52.4
418.9 579.1 57.4
389.9 289.6 56.6
76.3 614.5 59.7
56.7 36.8 60.2
189.9 326.4 62.9
290.5 353.4 74.7
397.0 174.9 98.5
