152.2 618.2 4.9
105.5 501.5 4.8
96.4 578.2 5.9
405.0 124.0 5.0
422.0 547.0 7.5
382.7 318.3 6.4
306.1 573.1 19.0
232.1 188.4 6.2
192.3 346.0 6.6
191.6 274.6 18.6
155.3 328.3 12.1
55.3 486.2 16.8
447.8 44.8 7.2
446.0 623.0 6.3
419.3 619.1 7.0
400.5 32.9 7.4
379.4 216.6 8.1
342.2 122.4 6.9
313.0 574.0 6.0
311.7 130.2 6.5
247.5 33.6 7.9
242.0 405.0 6.5
220.2 361.0 6.3
209.0 639.0 6.2
202.7 605.6 13.2
200.5 565.3 7.4
196.0 212.5 6.9
190.0 385.3 8.0
156.0 321.0 6.2
128.0 422.0 6.5
69.0 218.0 6.0
54.0 86.0 6.0
469.5 503.5 11.6
436.0 268.0 6.5
377.0 196.0 6.7
361.7 208.0 6.7
353.7 44.2 8.9
341.0 614.0 6.5
316.5 260.4 9.4
303.0 372.0 6.8
295.9 191.8 11.6
260.7 183.7 7.8
248.0 111.0 6.5
239.3 106.0 6.7
229.7 140.7 6.7
167.1 549.1 9.0
160.9 193.2 7.5
89.1 436.5 7.2
52.0 73.7 6.8
438.7 197.4 8.5
369.0 230.0 7.0
333.8 222.1 19.7
281.9 173.9 9.7
249.0 400.0 7.0
247.5 225.8 9.3
153.0 380.5 8.0
148.0 565.0 7.0
354.0 138.6 9.8
286.4 207.2 9.0
237.0 231.0 7.5
57.7 409.0 9.9
464.8 37.2 8.6
448.5 617.5 8.2
370.5 511.5 8.2
362.7 295.3 9.0
212.4 472.2 10.5
124.5 313.5 8.2
121.9 127.4 10.7
112.5 233.5 8.2
108.9 543.2 25.7
102.3 508.0 25.3
55.9 395.4 10.5
53.7 593.9 24.4
4.8 403.5 10.9
469.0 197.0 9.0
407.4 50.8 10.1
317.9 396.0 10.2
300.0 31.1 10.4
260.8 135.2 9.8
237.5 290.6 10.1
220.7 350.2 9.4
198.9 373.4 11.9
174.8 101.2 9.7
101.1 137.4 10.4
335.0 609.7 24.6
329.3 273.2 11.1
316.7 282.2 11.4
298.8 235.6 12.4
293.5 312.0 11.1
292.1 252.0 11.6
235.8 447.1 11.3
228.4 230.1 11.1
202.4 11.6 11.3
199.0 253.6 11.8
159.4 225.4 10.7
120.5 83.5 9.8
106.5 497.5 9.8
71.1 382.4 12.1
54.2 292.2 11.3
52.4 34.4 11.6
14.5 158.7 12.0
387.0 401.5 11.0
387.0 635.0 10.5
385.0 43.0 10.5
345.0 411.0 12.0
318.5 234.0 12.0
291.0 17.3 13.0
272.1 506.0 11.8
244.6 514.3 28.0
235.3 489.0 12.3
131.2 498.8 12.1
103.0 41.0 10.5
351.0 502.7 12.6
333.0 149.3 14.0
318.3 93.0 13.6
286.0 144.7 13.7
147.9 98.6 13.1
69.0 465.0 14.1
9.0 605.7 12.4
428.8 602.9 19.1
403.9 606.0 14.9
393.0 45.0 14.0
336.0 132.0 12.5
318.8 159.8 15.5
315.0 185.8 13.9
248.3 545.5 14.3
192.9 125.9 14.5
168.9 203.9 14.9
77.0 497.0 13.3
71.0 251.0 15.0
62.4 49.8 15.8
465.1 165.1 16.9
401.6 119.6 16.1
389.3 529.1 16.1
300.8 162.7 17.3
273.5 26.5 16.8
251.0 313.0 15.6
235.6 473.1 16.2
227.0 141.0 15.6
83.5 27.2 16.7
66.8 225.9 17.8
7.8 444.3 19.7
449.5 478.8 18.2
439.1 22.4 18.2
321.9 545.0 18.4
281.2 237.5 17.6
277.4 587.6 18.7
222.2 385.0 18.1
220.4 215.9 16.6
167.5 388.5 17.8
129.0 277.2 18.7
106.4 330.4 18.0
55.2 99.0 19.5
6.5 288.3 18.1
378.2 374.6 19.1
355.4 165.5 18.8
324.1 38.9 18.6
288.7 210.4 20.2
247.4 402.8 19.0
210.7 118.9 20.1
157.8 380.4 20.1
129.5 428.6 20.0
457.3 611.1 21.9
449.9 451.9 20.6
411.8 72.4 21.2
368.7 517.5 20.9
235.6 138.8 22.3
202.1 637.7 21.1
190.9 236.5 21.4
151.6 561.7 21.5
148.5 609.5 18.3
93.0 481.3 23.1
82.6 333.2 22.5
70.0 214.0 20.3
380.8 195.5 22.6
377.7 293.0 22.2
341.7 352.0 23.8
309.2 132.2 22.5
211.7 486.2 22.3
156.3 133.4 23.7
67.3 200.8 22.6
41.8 411.6 22.0
480.8 65.4 23.6
466.1 42.3 23.3
406.3 558.7 24.2
357.5 289.8 23.1
320.1 123.0 24.9
259.8 315.2 24.3
226.2 307.5 25.1
203.2 502.5 25.4
157.8 623.7 26.2
86.6 248.9 23.8
32.1 481.0 23.3
480.6 159.0 24.7
478.7 601.2 28.2
470.8 238.4 26.6
443.2 622.7 24.8
416.9 50.7 26.1
394.9 635.6 31.7
312.0 214.1 27.4
93.2 577.7 24.8
461.9 195.9 27.9
436.7 534.1 27.4
358.9 212.6 27.5
307.5 372.3 29.3
306.0 348.0 25.6
244.1 106.9 28.8
172.2 62.4 26.9
130.3 635.3 28.2
127.9 311.0 29.3
38.9 381.9 27.9
32.8 49.4 28.4
453.0 370.0 30.8
387.9 392.9 29.9
342.2 147.8 30.6
262.1 139.7 29.9
234.7 184.9 30.2
226.0 542.0 30.6
218.1 356.0 30.3
182.7 317.3 30.6
175.0 359.0 30.3
171.9 556.1 35.3
166.5 591.2 30.6
158.3 502.2 30.1
135.8 523.8 30.3
48.1 76.9 30.6
481.8 351.2 34.6
435.9 512.0 36.2
309.2 433.2 33.1
295.9 607.2 34.5
254.8 386.0 35.2
158.8 273.2 33.5
137.4 147.6 32.6
112.6 253.8 40.8
74.8 170.2 32.9
63.5 360.8 32.8
52.1 632.7 34.9
437.4 333.0 37.3
412.8 10.5 37.0
405.7 305.7 37.2
331.8 520.2 36.0
189.4 536.2 35.3
177.4 97.0 37.3
163.0 295.0 35.0
9.0 493.0 33.3
373.0 17.0 38.3
365.2 626.7 43.5
340.0 559.0 38.3
337.0 183.0 38.3
292.6 53.0 41.1
277.6 287.1 39.6
265.0 431.0 36.7
225.0 329.5 44.5
145.0 38.7 39.4
132.6 579.2 41.5
87.9 432.1 40.1
469.7 455.1 44.3
458.4 11.6 46.0
449.3 415.8 41.3
422.8 374.8 43.9
377.3 582.7 41.9
350.7 254.2 45.3
311.0 265.0 40.0
263.0 121.0 40.0
249.8 276.4 41.6
242.8 580.0 44.7
178.0 465.5 43.9
165.3 234.5 45.8
22.8 334.4 44.7
14.9 605.1 44.9
445.8 157.9 48.8
448.7 573.3 47.9
327.6 314.8 47.1
271.1 350.9 48.6
127.3 462.1 48.8
101.2 618.9 51.3
45.2 447.2 47.1
42.5 312.5 43.9
342.6 369.9 53.7
284.1 89.3 51.4
279.8 539.4 50.4
95.7 77.5 50.0
85.1 291.5 51.4
85.2 131.7 53.1
14.8 108.1 53.9
466.6 300.8 59.7
439.0 101.4 55.9
390.1 152.9 56.3
299.7 483.3 54.7
274.5 183.0 59.4
100.8 10.0 61.4
15.4 2.0 65.7
246.5 -2.5 60.0
248.2 634.2 60.9
217.5 58.8 60.0
191.8 168.8 60.0
28.8 174.9 64.2
208.8 419.4 66.4
115.9 197.9 64.3
24.1 253.9 73.9
419.4 240.6 74.0
366.5 83.8 72.2
115.5 380.7 76.8
47.7 538.9 80.3
382.5 327.5 90.6
382.3 455.2 108.0
