410.0 373.0 4.8
11.1 376.1 5.2
460.0 247.0 5.0
446.0 371.0 5.0
426.0 568.0 5.0
416.0 370.0 5.0
381.0 582.0 5.0
318.8 598.2 5.4
318.0 188.0 5.0
301.0 377.5 5.0
274.0 537.0 5.0
257.0 450.0 5.0
227.5 198.2 5.6
225.6 188.3 6.2
205.0 272.0 5.2
198.9 456.9 6.2
197.0 530.0 5.0
145.0 297.0 5.0
143.4 362.7 6.3
140.0 312.9 6.0
130.4 411.0 5.9
7.0 183.0 5.0
448.0 364.5 5.5
313.6 239.4 6.3
237.3 343.7 6.9
221.3 485.5 6.7
181.0 180.0 5.5
169.0 448.0 5.5
136.6 32.2 6.2
66.2 535.6 6.8
10.3 577.0 6.2
468.7 186.6 7.9
462.8 240.0 7.1
459.4 545.7 6.8
451.6 13.1 8.3
450.8 260.5 6.8
436.3 445.0 6.3
427.4 577.0 6.6
426.8 450.0 6.5
425.0 20.0 6.3
424.4 88.1 7.5
412.7 396.1 7.0
398.1 521.8 7.2
389.5 205.8 7.1
368.9 586.3 7.8
343.8 252.6 6.5
331.9 103.5 6.8
324.4 591.8 7.3
314.0 224.0 6.0
283.3 425.4 6.9
272.3 391.0 6.2
268.8 575.6 6.9
260.0 299.0 6.3
260.0 380.0 6.2
248.8 216.9 7.0
224.5 177.9 7.1
216.0 402.0 6.0
208.3 497.3 6.8
204.0 216.0 6.0
185.0 230.0 6.0
178.2 577.2 7.0
171.9 125.6 6.7
164.2 122.2 6.9
153.0 15.0 6.0
152.7 451.3 6.8
151.0 16.0 6.0
150.0 234.5 6.2
147.3 484.2 7.1
122.3 45.7 7.1
116.0 421.0 6.0
111.4 35.0 6.5
108.3 140.3 7.0
95.8 399.3 6.9
73.7 191.5 6.5
62.6 327.0 6.8
58.6 615.6 6.4
471.0 474.8 6.9
455.7 402.0 6.7
432.6 469.1 8.2
430.8 172.2 7.3
419.2 9.4 9.8
418.9 268.7 8.0
389.4 585.0 7.4
345.7 575.9 7.8
342.3 616.5 7.7
308.6 60.7 9.1
304.8 221.8 7.8
296.5 261.3 8.4
272.4 449.3 7.2
255.9 111.6 8.2
254.5 164.6 7.0
249.9 454.3 8.3
220.6 124.1 8.0
216.2 417.5 7.5
197.9 391.4 7.6
160.4 285.1 7.9
145.2 89.2 8.2
138.6 233.4 7.0
121.0 461.0 6.5
113.0 219.0 6.5
100.8 159.2 8.0
91.3 56.6 6.9
73.0 624.3 8.5
67.3 504.9 7.1
61.5 192.0 9.1
52.0 56.0 6.7
48.0 64.5 6.5
27.6 592.5 7.7
14.0 187.0 7.1
9.0 564.0 6.8
454.6 370.8 8.8
450.0 187.0 7.0
406.0 10.0 7.0
371.6 353.9 8.0
355.8 210.2 9.2
352.2 583.2 8.6
325.1 85.7 8.7
314.3 353.3 7.6
298.3 41.8 9.1
296.3 479.7 8.3
281.7 357.6 8.4
175.0 250.0 7.0
170.4 280.7 8.2
158.3 204.3 8.3
129.3 465.3 7.8
126.8 178.1 9.2
123.3 405.2 7.8
89.2 471.9 9.0
78.4 473.4 8.2
70.9 265.9 8.2
51.0 11.0 7.0
38.2 70.7 7.6
34.0 354.0 7.0
22.5 289.5 7.0
19.0 314.0 7.0
473.0 363.0 8.3
407.3 615.4 9.3
395.0 425.0 8.3
285.3 460.2 9.1
273.0 552.9 10.0
243.6 57.3 8.8
205.0 413.0 9.9
173.0 591.0 7.5
130.2 39.2 8.2
12.8 85.2 7.9
476.5 573.2 9.7
465.1 281.7 10.2
460.5 467.5 8.2
458.8 408.0 9.3
455.9 85.9 10.0
444.7 221.3 9.0
426.5 109.5 8.2
409.2 82.8 9.4
404.5 315.5 9.0
402.6 204.1 10.0
399.1 444.9 9.2
396.6 70.6 10.1
387.2 562.8 9.4
381.0 458.6 10.0
372.0 266.1 10.2
367.1 208.9 9.1
361.0 394.5 10.2
354.8 434.8 9.0
348.5 197.5 9.0
336.9 358.6 9.3
336.2 590.8 9.6
329.1 267.1 11.2
323.2 501.0 10.0
318.5 179.5 8.2
318.8 540.6 9.4
306.7 360.4 9.2
293.3 234.3 9.2
282.4 614.5 10.0
275.1 404.9 10.2
268.7 23.8 12.1
268.8 143.2 8.6
258.5 627.5 8.2
250.3 359.3 9.7
237.0 166.7 8.7
235.5 193.2 9.2
215.9 373.1 10.1
212.6 285.9 8.8
210.6 474.2 9.7
194.8 179.2 8.6
188.8 482.2 10.3
185.1 155.6 10.7
180.1 53.7 10.6
159.9 29.3 8.9
154.7 443.7 9.4
146.9 45.9 9.4
139.6 289.4 8.8
139.3 543.0 10.0
125.1 284.5 9.5
118.5 527.5 9.0
104.7 199.3 9.0
89.6 144.4 9.0
91.0 460.0 10.0
82.1 413.6 9.1
78.4 333.8 9.7
77.0 454.0 9.0
76.5 61.5 9.0
63.7 54.3 10.3
56.8 44.3 8.6
56.7 82.8 9.3
56.7 148.5 9.5
39.0 250.0 9.9
28.8 607.3 9.4
20.3 138.7 9.0
421.8 390.0 11.4
412.5 114.6 11.2
403.0 437.0 9.0
400.5 378.6 10.7
394.6 347.2 11.4
392.9 602.6 10.6
353.2 257.4 11.6
351.6 78.2 11.8
345.0 320.5 10.4
333.2 391.9 12.1
329.8 191.4 10.8
311.3 261.1 11.2
311.6 581.6 10.8
304.4 327.1 10.6
282.5 31.1 11.7
269.6 197.4 10.9
263.9 462.4 10.3
245.1 387.1 11.3
240.7 188.3 10.2
205.0 263.0 9.0
197.1 401.7 10.2
194.9 375.1 11.6
175.9 96.5 10.7
161.9 491.6 10.8
154.9 355.1 10.6
152.0 330.7 9.5
126.2 123.2 9.8
101.1 345.8 10.3
97.0 27.7 12.5
92.4 175.5 10.6
87.0 437.7 11.1
6.7 167.3 9.4
471.1 169.3 11.0
464.8 305.2 10.1
461.0 56.5 10.9
457.7 530.9 11.9
456.7 357.7 11.5
393.7 89.4 11.8
392.1 503.1 10.3
337.7 89.7 12.7
323.8 284.7 11.9
319.0 51.0 12.4
301.2 207.2 10.8
302.1 569.6 11.0
291.7 409.3 11.5
279.6 131.4 12.5
249.9 199.5 11.4
242.9 331.9 14.7
204.6 173.1 12.4
204.9 243.1 12.1
202.2 522.4 12.5
199.0 491.1 11.5
187.2 612.7 11.5
166.9 431.5 11.7
152.7 151.3 10.1
131.4 516.4 12.1
113.8 180.9 11.7
111.1 241.6 11.9
98.9 251.6 11.8
88.6 317.4 10.6
69.2 225.1 13.2
46.8 291.5 12.4
38.9 275.6 11.8
38.5 385.5 9.8
14.7 384.7 10.0
423.0 477.3 12.6
405.0 425.4 12.5
380.8 130.1 13.6
378.7 599.3 13.0
303.0 543.0 11.5
192.9 138.9 12.9
192.7 270.3 13.9
192.1 325.2 12.2
181.0 345.2 13.6
156.5 299.0 12.3
120.0 329.0 10.5
113.6 341.3 12.6
112.5 285.0 12.7
35.9 339.0 12.9
473.7 618.3 13.4
444.1 75.1 15.3
357.0 493.8 14.1
321.0 377.3 14.0
294.5 556.0 13.7
231.0 112.8 13.5
231.0 411.0 12.9
213.0 542.6 13.0
208.7 384.5 13.2
198.6 349.7 13.9
155.8 382.5 13.1
141.2 127.0 16.0
124.1 216.6 15.5
29.7 47.3 14.4
27.0 367.4 13.8
463.3 101.6 16.4
436.6 356.2 15.7
277.9 99.0 17.6
267.2 82.4 17.0
212.6 426.7 15.9
187.2 216.8 16.4
186.8 243.0 14.5
129.2 80.9 16.4
105.0 435.0 14.5
20.2 230.9 17.4
430.7 325.1 16.7
272.0 419.0 15.0
236.2 361.1 15.6
229.0 427.0 14.4
145.0 55.0 13.9
208.9 579.9 16.0
85.4 347.6 16.5
469.9 119.9 16.8
447.9 389.4 18.6
382.9 395.9 16.6
361.1 11.5 18.7
329.2 118.5 18.2
261.9 316.9 17.1
252.4 130.8 17.1
131.5 362.5 17.0
127.1 478.4 17.7
28.8 561.2 16.9
468.9 77.3 19.8
392.3 274.8 19.2
373.0 223.9 19.0
356.6 514.9 19.4
322.4 458.9 19.2
260.3 62.6 20.0
14.4 406.4 17.3
318.4 428.4 20.0
193.8 196.7 21.5
175.7 517.3 20.0
170.4 72.9 20.8
159.1 558.9 18.7
147.2 72.2 19.3
129.9 559.9 20.7
69.7 161.7 20.0
21.1 -0.6 19.6
15.0 119.8 19.3
451.3 168.3 22.4
443.2 32.2 22.2
366.2 450.0 22.8
310.8 482.6 22.1
293.0 3.2 24.8
137.7 266.3 22.2
113.5 601.0 22.1
69.6 112.2 22.6
46.5 540.5 22.2
467.5 1.2 24.9
433.9 522.2 22.8
359.8 564.5 22.9
345.1 460.8 23.0
270.1 273.9 24.2
193.1 81.3 23.7
146.6 400.1 24.4
104.3 557.9 23.4
52.6 595.8 23.7
41.6 172.4 22.4
1.4 592.6 22.9
390.4 250.0 25.1
366.2 37.4 26.0
228.1 628.4 25.2
138.0 196.0 25.1
96.7 296.7 24.8
69.4 297.4 24.7
50.3 218.3 24.4
327.8 154.8 27.2
301.5 525.0 26.7
221.9 217.3 27.5
25.8 625.6 27.3
193.7 295.8 29.2
85.5 80.7 29.5
420.7 245.3 31.7
359.2 156.8 32.0
309.7 305.0 31.5
229.3 37.9 31.7
218.7 317.0 31.5
181.5 545.5 30.6
101.6 -1.4 36.4
45.5 429.2 32.0
480.1 390.6 38.6
436.0 421.0 36.7
295.0 162.0 36.7
159.0 608.0 36.7
425.0 141.0 38.3
351.0 287.0 38.3
232.0 252.0 38.3
14.4 459.6 47.4
254.8 511.2 53.9
