48.8 389.4 4.9
146.6 468.5 5.1
437.0 15.4 14.1
81.5 462.5 5.5
63.1 413.6 5.7
329.6 415.4 5.8
323.0 411.4 6.4
258.4 555.9 6.3
241.6 243.9 5.9
183.2 487.3 5.8
130.0 413.9 6.1
100.4 461.7 6.1
45.0 551.0 5.2
43.1 361.1 6.0
43.6 634.5 6.1
34.7 436.1 5.9
454.5 112.6 6.4
454.0 440.0 5.5
393.0 399.5 6.0
368.4 455.5 6.5
364.3 304.8 6.6
360.3 71.9 6.7
348.4 596.9 6.3
332.1 597.5 6.6
318.9 473.9 6.6
284.6 262.8 7.1
262.7 96.1 6.3
254.0 463.2 6.0
249.3 256.5 6.3
246.0 620.0 6.3
244.9 121.5 6.6
237.9 381.3 6.7
228.4 321.4 6.6
225.0 418.0 5.7
193.0 200.0 6.3
164.7 364.9 6.6
163.8 165.0 7.0
162.5 440.0 5.7
138.2 626.3 6.1
114.3 302.0 6.0
98.8 23.4 6.8
97.5 545.7 7.0
77.0 341.0 6.9
73.3 290.2 6.6
56.0 473.0 5.5
43.8 427.7 6.3
35.0 378.5 6.6
475.9 401.5 7.8
454.8 429.2 6.9
443.3 89.3 6.0
442.9 454.6 7.7
440.5 113.4 6.5
435.1 458.0 6.7
434.2 387.1 7.3
428.7 70.5 6.7
396.7 456.1 6.7
393.6 353.4 6.2
393.0 2.6 6.6
390.7 550.3 7.5
390.0 32.0 6.2
386.5 567.9 14.2
386.2 88.3 6.9
384.1 81.6 6.6
371.1 130.3 6.9
371.8 446.8 7.0
356.3 194.8 7.4
355.0 149.5 6.0
350.0 62.9 6.7
347.5 84.4 6.6
347.5 627.9 6.6
342.5 202.0 7.9
340.1 78.3 7.3
333.9 534.1 7.3
332.0 284.0 6.2
326.8 421.8 6.4
323.0 581.9 6.8
323.0 316.0 6.0
319.6 549.0 6.4
315.5 161.5 7.7
309.0 95.8 7.5
303.7 64.4 7.4
298.6 310.6 6.8
299.4 528.0 8.4
298.0 515.0 6.0
296.0 433.3 6.2
291.5 270.2 7.2
283.5 522.0 6.2
273.9 394.3 8.2
255.0 456.0 6.0
254.0 21.5 6.0
252.1 355.6 7.9
235.9 416.1 7.4
237.3 553.1 7.1
235.3 584.6 6.4
221.9 241.0 7.7
217.1 51.2 8.1
213.4 156.9 15.4
207.5 564.3 8.2
206.0 434.3 7.6
190.2 295.5 7.2
183.7 594.4 7.0
182.7 626.9 6.6
178.4 477.3 7.2
175.9 365.1 6.9
173.6 307.5 16.3
164.3 373.9 6.8
156.7 146.0 7.2
148.6 566.8 6.7
130.2 61.3 7.1
130.9 557.2 7.3
125.7 282.7 6.4
119.0 634.0 7.9
116.8 283.3 6.6
105.6 224.1 7.1
98.7 208.2 7.4
89.0 447.0 6.0
86.5 317.3 6.7
67.5 340.1 6.6
65.7 166.0 7.9
65.0 474.3 6.2
61.8 24.3 8.1
53.2 217.1 6.8
53.6 624.4 7.2
47.4 500.8 6.9
47.0 155.7 6.7
41.9 622.4 6.5
33.1 426.6 6.4
34.0 448.3 7.1
31.0 542.5 7.6
28.4 63.9 7.2
25.2 153.2 6.3
18.0 578.0 6.0
14.1 316.7 8.0
11.5 162.4 6.6
10.2 6.8 7.1
7.0 115.0 6.0
476.0 335.0 6.8
454.1 330.8 9.1
439.6 247.7 8.6
425.4 88.5 7.4
420.2 315.5 7.3
416.9 174.3 8.0
410.7 322.1 7.3
406.0 169.4 7.6
405.6 435.6 7.1
403.8 309.0 7.4
377.0 56.4 8.6
370.7 75.5 7.8
357.5 634.9 8.0
350.9 207.5 7.9
348.0 157.0 6.5
346.5 359.8 7.0
340.9 10.3 9.2
338.2 105.2 8.7
330.7 60.7 6.5
326.8 369.8 8.3
316.5 207.2 7.9
307.1 28.3 8.7
303.3 355.4 7.5
297.7 94.0 7.0
257.8 106.5 8.6
254.8 530.7 8.5
248.0 140.3 6.7
247.2 61.0 7.0
232.0 101.0 6.5
223.3 473.9 7.6
186.6 196.6 7.2
183.7 327.3 9.4
177.8 279.3 17.0
169.3 54.0 9.2
139.0 182.5 6.5
129.5 399.2 8.3
127.0 411.0 6.7
122.6 555.1 7.1
114.0 556.6 9.1
89.0 248.7 8.9
77.4 433.6 7.8
77.4 540.2 8.2
65.1 378.4 7.2
52.7 636.0 6.8
47.3 232.9 9.3
40.2 245.7 8.7
33.0 5.0 7.0
30.6 248.6 8.5
29.1 416.4 7.7
459.4 120.6 9.2
451.0 90.0 8.9
418.1 585.6 9.2
410.0 69.3 8.2
405.6 136.2 9.3
395.5 301.3 8.6
386.0 532.0 7.0
353.0 98.3 8.9
341.5 370.4 9.4
338.9 94.1 9.0
336.5 426.5 9.6
318.3 235.7 7.6
309.3 310.3 8.9
306.5 164.5 8.7
303.6 101.4 7.4
262.9 142.4 9.5
252.7 488.5 9.1
230.4 21.1 8.9
145.8 191.5 9.5
144.7 324.1 8.3
145.0 368.0 7.0
130.3 244.0 9.4
118.7 125.1 9.3
92.9 28.4 9.7
68.8 70.3 7.6
60.1 565.7 9.6
51.9 329.7 8.9
23.0 518.5 7.0
197.0 257.4 9.2
159.2 431.3 9.1
73.5 8.9 9.7
36.2 370.1 9.3
34.1 326.6 8.6
9.8 203.5 9.9
457.8 371.4 9.5
441.6 393.9 9.7
396.6 436.3 10.2
392.5 185.7 10.0
379.0 394.6 10.0
326.6 124.2 10.4
316.5 475.5 8.2
302.7 191.3 9.0
260.5 581.5 8.2
240.2 446.9 9.5
238.0 305.8 9.8
238.0 615.0 10.2
208.7 125.3 9.0
155.5 319.2 10.5
138.0 462.1 9.7
135.4 221.7 9.6
134.5 323.3 9.9
131.8 287.7 9.5
122.5 235.5 8.2
93.0 13.5 10.5
90.2 517.5 10.5
77.4 90.8 9.8
61.9 282.3 10.1
60.7 525.3 9.0
37.7 399.9 9.7
28.3 180.0 10.3
22.4 30.0 10.4
20.1 57.7 9.9
16.9 540.2 9.4
443.8 382.7 9.8
431.0 249.0 9.0
427.7 604.8 11.1
426.6 617.9 11.0
422.9 245.4 10.2
417.5 483.8 10.4
361.0 213.5 10.2
349.0 107.0 9.0
336.0 331.1 10.7
319.5 506.8 10.2
317.3 438.5 10.9
299.0 600.9 10.6
287.9 59.3 10.0
277.8 198.4 11.9
260.9 564.7 11.1
250.5 551.1 11.0
241.7 96.1 10.7
235.1 287.3 11.0
221.7 226.8 10.7
217.7 86.8 10.6
195.3 138.1 10.3
191.9 235.1 10.4
176.5 488.2 10.3
155.9 416.0 10.3
153.4 242.8 10.3
137.3 264.4 10.8
132.1 275.3 10.6
127.8 471.8 9.8
101.7 196.8 10.5
65.8 635.2 9.7
63.3 294.1 10.2
49.2 42.4 10.2
35.5 496.5 11.0
9.2 24.3 10.3
5.5 77.4 11.0
457.6 231.8 11.3
427.7 41.9 11.0
415.4 471.1 12.2
408.2 181.2 10.2
407.0 81.4 12.8
371.7 102.6 12.0
360.1 256.3 11.0
327.9 275.0 11.9
308.5 613.5 9.8
241.4 191.5 11.3
240.5 477.5 9.8
188.9 479.5 11.5
159.2 368.2 10.8
128.5 99.1 11.0
97.7 471.9 10.5
86.4 372.5 11.6
79.9 444.3 10.9
65.9 555.8 12.0
54.9 396.9 11.7
41.0 335.8 11.4
3.6 177.1 11.3
0.8 321.8 10.2
431.0 111.0 10.5
379.9 380.7 13.0
375.0 42.0 11.3
368.7 88.3 12.1
357.7 51.0 11.8
356.6 36.6 12.5
311.5 227.5 12.0
285.0 213.0 12.5
275.7 431.0 12.6
185.0 247.0 12.5
162.0 568.8 12.0
129.0 327.0 10.5
125.3 587.3 13.0
123.0 423.0 12.0
105.0 62.2 13.7
75.7 297.7 13.1
5.9 307.0 12.2
480.6 269.8 13.0
444.3 102.0 13.8
373.6 340.9 13.8
366.5 591.5 12.7
292.7 29.7 13.1
225.0 308.5 14.0
225.0 579.0 13.5
171.0 72.4 14.1
105.0 110.3 14.5
60.5 612.5 12.9
39.6 438.4 12.7
460.5 17.3 16.6
447.0 306.8 14.5
446.6 578.9 16.6
388.0 29.9 14.6
353.6 119.2 14.1
329.7 23.7 14.3
311.3 49.8 13.4
301.1 249.9 13.7
294.5 382.5 15.1
268.6 453.0 14.2
204.0 609.0 15.1
201.0 363.9 14.6
198.8 626.2 15.7
184.2 209.5 15.6
158.1 65.1 14.2
158.0 291.0 14.9
122.1 113.1 14.6
49.6 534.3 14.4
29.1 194.1 15.9
473.0 537.0 13.9
364.7 564.2 15.9
327.0 84.0 14.4
281.0 19.0 14.4
265.0 11.0 13.9
207.0 185.0 13.3
196.3 175.3 14.6
185.0 429.4 14.9
136.3 207.7 13.7
43.7 573.0 14.1
448.3 40.9 16.5
445.3 221.1 16.3
350.9 571.7 15.8
328.9 199.1 16.3
288.3 514.8 15.8
234.9 255.9 16.0
232.9 81.9 16.0
206.9 214.4 16.9
139.0 20.2 15.8
467.4 388.1 19.0
423.1 454.2 17.4
409.4 332.1 18.6
291.2 587.5 17.6
225.6 352.9 17.7
145.4 83.8 17.7
112.8 466.8 17.8
90.2 -1.6 18.6
73.9 112.4 19.1
31.0 3.0 15.6
458.8 321.2 19.2
410.0 502.2 19.4
406.5 253.8 19.4
313.2 292.7 19.7
309.2 130.0 19.2
247.8 134.8 18.7
218.3 373.7 19.5
89.6 533.5 19.3
77.1 490.4 19.3
453.2 196.4 20.3
453.8 560.2 19.4
432.9 482.2 20.2
408.1 274.3 20.5
395.8 149.1 20.0
389.9 264.5 21.8
373.9 508.3 19.7
324.3 313.2 21.7
312.3 458.3 21.3
291.5 364.1 20.4
287.9 455.8 19.8
276.4 79.6 20.6
228.8 297.2 19.2
210.1 239.9 21.2
198.8 452.1 21.1
163.6 86.8 22.7
148.7 390.2 20.3
110.7 572.9 20.5
71.9 259.4 21.1
474.1 188.4 23.6
453.6 630.5 21.9
418.6 535.7 21.8
371.8 145.3 20.8
320.3 526.3 21.8
318.1 595.2 21.9
255.0 467.0 20.0
173.7 188.2 23.0
140.5 536.1 22.3
137.7 344.8 22.7
106.3 294.4 22.3
0.8 450.2 21.7
450.1 606.1 23.2
432.3 69.4 24.2
431.9 130.5 24.3
393.8 350.5 23.5
386.9 172.5 24.3
353.3 636.3 24.3
275.0 477.1 25.1
266.5 265.7 24.6
254.4 309.9 24.2
246.0 430.0 23.7
243.7 570.5 25.5
167.8 257.3 22.8
150.1 172.2 23.5
104.2 138.8 24.0
89.1 85.5 25.5
89.8 556.3 23.1
39.9 182.0 24.4
13.2 236.6 24.6
469.6 585.3 25.2
451.9 433.1 24.9
427.0 188.7 25.2
403.0 457.7 26.8
387.7 126.0 24.4
385.0 379.8 29.3
289.2 233.3 26.3
273.0 532.6 26.0
263.7 241.5 27.0
257.7 603.7 25.6
168.0 -3.0 23.3
135.0 303.0 25.6
118.0 8.3 27.6
106.4 332.7 25.2
58.1 311.7 25.3
24.4 310.6 28.6
2.9 386.0 28.1
477.0 555.0 25.6
357.1 170.9 28.9
341.8 528.2 28.0
330.4 109.2 29.5
304.0 207.6 32.2
297.0 150.0 26.7
290.8 264.2 28.1
247.2 400.5 28.2
177.5 111.3 28.6
120.7 81.2 28.8
124.0 444.2 28.4
107.7 421.8 28.6
106.0 524.6 29.3
93.8 170.7 28.3
80.2 345.7 30.0
70.0 186.5 31.9
61.9 432.6 27.5
32.8 214.7 28.0
17.9 429.2 29.2
10.7 132.1 27.9
475.1 413.5 30.6
418.7 431.7 31.3
416.7 561.3 29.2
349.2 324.5 30.6
334.1 493.9 29.9
325.6 350.5 30.6
302.2 490.5 30.0
288.5 178.1 30.6
280.0 291.6 30.0
225.3 600.7 32.7
219.5 403.6 30.6
177.9 556.9 30.2
165.9 632.0 30.9
132.2 495.2 33.8
85.5 51.6 29.0
82.8 625.2 29.8
73.8 143.9 30.1
56.2 381.2 30.6
35.5 473.3 31.5
19.0 100.6 29.9
15.2 355.6 31.0
469.5 298.1 33.9
412.8 397.2 33.1
375.3 533.3 32.3
337.9 391.8 33.1
331.2 146.7 35.1
256.1 374.1 31.3
227.1 459.1 34.1
215.1 271.2 35.1
212.5 567.5 30.6
207.7 15.3 33.5
182.7 144.8 35.3
118.8 614.4 32.5
113.5 108.5 30.6
106.6 491.9 31.3
87.7 224.3 32.0
76.9 463.8 34.7
45.6 346.9 34.0
32.4 504.9 35.1
5.5 33.5 30.6
3.5 522.7 32.0
432.1 289.7 38.8
417.1 227.5 38.2
403.8 41.6 38.2
387.0 313.0 35.0
371.0 413.0 36.7
343.7 603.0 36.1
336.1 241.0 38.1
280.0 623.5 36.3
225.1 328.1 39.0
171.9 339.8 39.0
165.7 451.6 38.6
156.6 224.6 38.0
123.0 43.4 36.0
120.2 194.8 38.6
112.2 259.1 38.8
84.3 588.8 38.4
69.7 508.3 37.8
465.7 69.0 37.8
447.0 530.3 37.8
376.3 226.3 40.1
360.0 282.2 40.7
281.9 115.5 41.5
241.8 216.5 40.7
197.5 72.2 40.7
161.2 511.2 38.9
155.6 591.9 40.1
110.6 372.0 42.9
83.0 405.0 36.7
38.5 145.5 39.1
451.1 160.7 43.9
394.1 604.9 43.9
285.3 334.5 44.9
250.6 165.8 43.9
219.3 113.8 45.2
180.0 390.6 47.2
165.1 32.6 45.1
141.1 138.9 43.5
52.8 80.8 43.1
50.9 15.1 42.9
33.4 273.8 44.9
430.0 357.2 47.1
366.1 471.7 48.8
304.4 559.6 49.3
296.7 413.6 48.6
24.8 557.1 47.9
21.0 611.7 50.2
355.4 22.4 51.6
462.8 483.2 53.9
247.9 42.1 58.2
217.6 516.9 73.9
